847 1261
841 286
400 586
451 479
486 13
286 350
219 665
23 100
804 411
529 655
269 263
573 768
715 399
669 499
318 687
279 503
242 593
221 565
240 64
358 343
133 455
680 332
85 543
86 492
272 376
450 144
750 744
284 643
361 678
382 844
765 762
465 684
408 77
395 448
704 545
112 614
88 287
432 695
294 557
304 760
535 512
756 533
587 720
692 372
266 141
371 571
360 115
734 378
500 478
27 552
826 778
553 388
278 122
737 352
653 598
577 395
4 285
252 689
360 548
30 201
752 121
388 602
272 605
778 558
102 405
710 670
514 70
34 124
149 703
38 647
49 676
481 269
448 145
446 773
462 255
467 662
393 27
74 708
179 373
99 520
237 429
637 99
347 278
77 482
288 256
536 789
613 413
546 134
345 347
337 393
217 779
211 739
161 418
125 273
41 333
481 263
495 268
456 609
319 599
639 795
274 527
539 737
674 170
142 423
0 205
790 307
466 200
193 235
548 65
22 54
523 332
333 88
619 74
551 237
351 173
402 152
665 101
753 82
76 181
757 515
774 42
439 119
831 485
401 200
815 160
151 97
840 429
263 620
98 330
219 646
741 211
802 697
683 344
363 625
189 648
256 241
537 807
678 239
422 670
460 398
716 123
839 233
705 102
331 636
21 183
342 420
683 459
18 491
773 651
250 304
679 354
665 646
184 589
255 729
196 410
267 400
488 327
155 244
336 594
603 238
823 24
18 78
593 692
515 318
276 576
290 507
731 322
567 508
518 522
602 66
454 592
186 681
2 785
319 355
609 384
664 25
599 782
764 76
662 196
723 485
575 758
140 496
30 71
716 654
666 813
437 524
374 651
560 632
265 266
546 685
688 809
731 792
715 454
241 302
415 473
3 636
406 301
377 69
195 824
598 17
207 16
702 317
154 417
130 93
684 516
381 132
472 63
402 759
560 490
843 371
111 326
470 554
614 359
661 284
9 477
186 841
25 358
359 463
61 147
270 834
234 832
589 342
604 75
745 298
44 486
158 821
471 375
704 672
248 823
789 366
578 80
801 61
490 805
254 325
203 728
457 8
99 52
145 566
170 449
420 232
62 90
52 308
316 96
384 667
303 407
747 781
110 446
554 403
31 522
538 585
675 536
825 439
134 685
135 564
122 247
235 87
39 361
81 259
414 62
535 619
275 602
680 174
293 455
456 623
376 462
75 213
6 261
576 769
109 293
141 433
228 791
672 445
753 687
289 187
43 830
232 117
225 641
601 145
386 4
544 245
343 40
8 4
280 691
108 402
100 690
581 297
568 633
182 299
563 281
440 108
724 397
590 230
327 18
729 365
161 205
314 531
733 605
741 480
375 748
432 268
206 186
497 741
312 694
663 335
314 283
259 327
331 3
629 55
693 747
187 396
808 199
315 177
97 686
810 748
512 74
274 618
271 825
798 456
414 579
70 806
814 495
63 814
788 248
525 296
422 353
24 103
302 597
21 631
58 349
51 163
329 53
550 825
147 312
468 506
831 288
580 9
824 549
629 155
649 46
806 44
118 254
744 757
832 204
340 577
51 837
724 504
769 674
441 291
660 390
180 621
428 219
476 468
646 101
555 90
313 380
344 51
522 780
209 185
307 754
822 109
651 663
509 377
78 491
521 188
813 631
157 328
254 702
709 143
676 580
203 487
513 351
96 657
7 436
281 722
763 331
76 137
127 60
553 275
128 274
565 572
365 440
474 360
81 356
296 796
631 183
378 728
655 105
717 195
417 47
572 750
736 570
818 38
35 85
635 597
269 812
730 26
500 210
121 499
694 771
562 454
271 550
80 514
11 258
585 30
508 465
354 118
829 349
124 645
498 818
587 761
844 528
285 369
202 212
60 525
633 41
711 604
493 243
373 749
480 559
410 712
586 257
216 348
426 150
595 2
90 578
496 110
642 12
465 516
738 537
52 723
557 157
490 253
164 550
781 595
628 406
168 587
492 674
172 387
302 218
335 776
228 156
793 421
540 790
710 422
793 36
69 460
357 72
438 798
304 740
94 519
454 399
529 105
492 769
514 806
370 292
657 97
667 127
164 271
239 616
28 774
799 713
151 657
56 287
669 121
595 91
726 846
846 289
44 198
204 666
118 325
68 819
507 206
148 744
447 408
29 94
445 124
111 315
345 278
230 505
390 710
116 637
706 546
491 431
600 40
654 39
743 408
19 621
706 442
167 530
436 84
10 809
735 444
807 628
752 669
711 48
229 686
668 846
143 32
696 409
300 583
527 19
743 447
40 437
82 556
608 423
721 38
626 471
644 274
502 80
92 240
20 277
183 238
476 197
328 427
477 808
739 559
765 92
102 153
638 169
565 750
455 184
625 591
802 843
750 148
189 467
188 360
561 705
353 658
227 147
576 492
310 326
740 760
581 316
463 7
119 521
584 334
697 843
634 10
98 221
589 420
226 535
195 510
530 300
197 468
520 52
797 787
215 650
690 630
287 409
745 45
466 615
785 424
682 820
574 494
656 306
300 164
147 79
475 175
579 555
740 683
698 11
469 588
321 789
433 264
231 331
552 14
484 215
90 83
95 716
143 242
54 404
671 19
726 668
558 461
812 81
673 243
239 794
503 542
67 18
827 108
262 28
612 725
763 231
9 816
621 711
834 222
91 2
661 643
480 739
780 72
423 272
461 104
223 122
325 702
348 644
356 488
652 830
264 120
796 250
43 652
721 647
114 755
324 815
416 771
748 523
594 673
653 627
356 259
247 275
175 208
803 57
489 144
685 503
72 428
470 403
580 816
785 656
364 93
136 168
701 629
385 551
722 53
578 502
171 100
270 222
370 820
413 727
332 174
176 13
156 791
267 586
522 357
570 0
559 228
136 587
84 709
574 368
771 435
221 330
405 153
473 730
823 103
124 714
700 736
115 65
116 224
452 415
478 541
624 276
214 458
213 434
720 612
411 457
1 677
618 527
531 260
328 159
212 764
150 59
236 75
398 539
222 425
301 526
196 712
782 234
804 457
419 803
31 518
663 772
552 165
795 414
243 839
42 507
282 704
781 511
437 547
295 248
263 812
556 136
167 300
691 443
87 561
600 343
7 84
467 196
421 36
380 726
198 486
817 49
640 519
494 368
786 568
659 660
212 76
596 197
423 733
408 482
569 20
193 106
594 493
559 156
459 51
460 539
287 696
246 703
23 171
727 362
695 23
404 106
380 668
48 604
828 215
485 288
761 720
404 193
139 652
403 68
399 766
656 817
836 202
166 826
152 759
392 832
192 811
633 333
107 378
252 262
282 545
104 37
682 370
131 189
757 707
794 501
498 721
113 129
571 664
650 383
366 131
517 166
748 680
564 563
482 699
309 775
368 363
412 246
394 596
538 30
458 413
412 149
540 575
690 582
305 63
407 98
242 341
841 350
477 199
542 276
623 609
165 483
645 714
783 575
818 721
688 29
672 34
146 773
459 344
341 692
335 225
244 693
766 479
819 653
206 681
809 94
816 477
772 335
714 736
10 688
174 822
760 683
526 273
12 319
236 213
648 467
130 314
217 483
109 133
160 282
751 677
120 116
461 37
383 89
435 31
297 316
749 261
719 608
401 466
427 159
617 747
512 619
42 290
379 538
66 497
350 340
251 258
57 394
320 678
775 336
120 532
479 367
652 438
93 314
289 396
199 732
845 732
82 338
362 513
778 5
24 382
399 592
361 320
385 178
251 11
222 138
838 209
373 6
230 426
762 240
181 137
687 82
495 432
415 730
131 648
801 227
592 766
97 229
101 763
59 787
351 788
677 226
729 346
58 829
434 43
416 694
372 675
722 329
453 691
125 526
616 794
268 695
821 323
606 220
681 286
779 309
19 180
843 571
597 218
0 161
789 131
670 353
792 322
527 671
524 380
582 659
79 312
194 461
327 67
55 155
105 95
666 21
647 731
182 323
299 607
767 540
660 710
145 786
646 763
138 706
767 783
16 481
443 639
630 659
132 715
609 667
479 216
815 282
96 151
211 480
575 790
698 251
73 135
768 509
541 724
431 821
369 517
397 504
518 357
159 746
128 618
820 292
208 444
471 810
764 181
604 236
86 576
308 831
796 304
64 574
178 237
65 801
830 438
188 474
142 608
307 611
699 114
611 738
233 835
324 160
323 299
160 704
776 225
577 448
36 73
411 8
84 143
253 805
641 207
547 524
201 71
832 666
636 270
115 548
424 656
162 190
805 191
264 532
341 593
418 606
821 182
334 833
330 572
169 35
353 584
487 752
472 305
391 719
183 603
291 154
26 107
260 475
358 600
528 828
525 464
396 544
357 780
579 62
643 717
610 265
367 216
487 669
826 622
533 430
173 788
558 194
483 779
37 802
534 280
298 172
157 427
749 6
59 797
605 376
429 58
759 45
139 43
285 517
159 337
381 562
419 57
464 296
224 637
218 452
317 682
292 642
828 484
430 793
200 615
755 22
121 192
17 799
442 546
434 139
405 698
394 476
306 817
126 722
339 434
635 302
783 540
637 520
516 573
649 249
152 745
790 758
507 186
2 424
190 379
615 389
499 192
509 69
67 78
337 746
835 447
41 88
555 83
758 307
16 269
259 488
322 649
15 379
524 313
732 557
185 634
685 279
245 391
788 295
316 33
634 688
811 472
257 381
364 130
444 252
273 836
220 112
107 734
842 435
234 392
596 476
713 765
279 542
501 838
28 42
106 235
278 223
441 725
237 840
566 786
47 655
511 595
588 804
482 114
123 654
592 451
703 169
584 658
71 113
739 228
249 46
554 68
632 490
191 718
766 451
425 706
349 162
607 767
258 419
708 581
458 613
773 374
141 264
199 845
800 22
326 177
658 334
725 291
542 624
809 29
400 257
45 298
178 551
486 176
387 310
310 111
20 345
627 17
83 502
138 425
77 699
504 534
365 346
62 555
449 470
326 315
89 661
241 635
561 102
746 393
612 441
761 612
338 556
545 672
308 723
620 81
591 626
770 260
280 453
235 561
714 700
671 180
355 599
562 715
674 449
213 339
33 96
588 742
175 735
837 163
732 294
198 176
505 426
5 558
693 617
448 601
622 778
187 544
812 620
32 242
754 611
238 401
712 469
165 217
158 431
60 464
543 179
247 553
681 841
446 146
703 638
762 92
246 149
208 735
833 214
205 418
496 446
543 373
346 440
519 567
94 640
808 845
122 553
707 515
312 416
382 528
513 173
184 342
413 362
47 529
531 770
569 277
533 793
755 800
46 267
791 560
627 598
39 320
1 751
723 831
71 129
311 437
499 811
742 804
398 737
648 662
719 142
283 531
53 364
83 578
523 680
777 569
536 321
639 414
129 498
383 661
673 493
215 383
532 116
132 562
257 132
45 172
318 753
771 842
439 521
583 164
825 119
40 311
759 745
733 272
233 743
668 289
148 757
813 21
163 610
276 86
117 50
88 56
545 445
177 590
48 236
822 133
375 810
13 324
689 262
510 824
768 377
144 303
440 827
14 165
153 698
787 450
352 701
630 582
133 293
784 140
506 777
61 227
728 487
261 385
586 381
92 64
644 128
705 405
389 500
409 1
8 386
277 345
301 125
378 203
718 412
450 489
50 784
190 15
103 382
95 123
686 167
445 34
93 283
343 311
623 384
354 254
137 679
126 281
835 743
275 388
210 478
549 756
330 565
563 126
338 136
474 115
547 313
491 158
407 221
817 676
