433 586
38 404
266 160
7 290
151 420
181 258
33 115
184 255
359 218
360 143
425 36
309 161
158 245
210 180
420 267
403 204
72 9
122 361
299 380
69 330
275 13
105 386
317 383
390 48
314 315
73 1
204 19
188 166
145 406
95 229
258 238
229 39
344 314
78 63
26 47
74 7
183 285
280 233
431 227
221 211
370 191
53 139
394 302
208 394
79 80
2 231
227 91
134 270
146 217
378 418
6 117
297 46
325 140
360 175
214 122
334 310
404 342
101 155
256 66
409 425
182 263
320 8
319 214
215 162
149 207
75 193
189 95
333 130
114 90
220 289
52 173
429 153
1 100
186 318
365 36
30 293
248 381
195 327
89 42
180 119
111 247
31 320
255 299
180 359
22 362
377 40
287 154
141 286
56 14
170 195
146 11
393 346
187 417
419 97
361 429
76 403
84 347
182 187
73 152
66 387
56 107
9 172
423 262
308 93
224 269
148 396
67 156
313 379
321 246
59 79
277 336
389 118
274 186
259 270
73 189
267 327
5 384
125 178
75 275
342 245
175 53
37 60
381 88
15 428
412 137
332 248
414 83
148 389
325 109
113 277
78 92
209 334
367 161
421 244
262 366
185 335
161 157
392 103
352 54
385 331
408 323
385 352
150 239
118 71
239 418
250 24
211 23
284 35
5 326
283 198
116 138
175 363
269 177
379 395
85 209
296 415
88 377
333 81
252 416
335 368
222 62
176 59
83 373
117 326
107 266
337 56
40 392
0 171
317 374
72 82
416 278
160 269
364 313
304 32
157 294
360 249
125 272
369 415
289 68
347 425
86 427
407 135
326 384
170 226
136 114
18 6
402 223
132 305
270 13
372 174
383 123
181 254
155 251
205 16
280 101
54 0
310 10
187 191
36 65
424 358
24 413
278 261
130 194
413 312
162 343
282 250
305 178
191 43
94 409
256 387
81 274
80 165
83 16
428 25
37 96
257 39
48 306
127 149
337 298
103 311
119 218
42 19
18 90
195 15
319 202
303 357
183 84
102 38
348 62
406 300
338 339
281 291
253 249
194 395
221 18
109 362
351 12
51 377
145 137
84 94
52 385
225 376
209 356
265 372
147 338
354 239
210 279
198 108
302 367
291 45
234 260
322 356
62 253
207 400
432 164
8 3
164 355
141 205
146 390
177 196
415 130
167 99
343 397
417 145
33 212
362 381
260 72
110 119
424 208
49 197
385 127
83 351
193 259
307 271
323 128
371 370
300 412
178 235
59 104
172 3
275 134
396 281
72 349
71 299
365 65
69 401
365 375
173 369
314 151
391 106
223 67
80 220
350 398
138 348
212 78
121 294
61 360
29 253
316 176
206 190
243 5
212 111
250 147
115 131
197 353
108 222
101 288
251 244
143 241
311 223
216 52
202 159
20 414
242 286
261 103
345 256
75 2
129 412
86 188
273 333
368 397
330 17
77 110
345 325
10 133
149 171
99 296
56 224
3 430
247 110
382 206
90 117
337 124
190 70
14 160
263 221
364 69
304 167
238 120
401 386
93 265
133 426
46 366
87 170
64 316
192 376
213 216
349 64
295 77
233 225
7 50
112 231
387 427
35 265
285 409
235 268
276 192
212 307
315 267
13 144
64 317
84 407
169 219
55 41
139 150
246 136
418 98
255 380
318 194
431 391
261 311
286 205
298 268
100 257
28 44
41 240
398 58
248 199
301 114
417 43
96 431
228 344
244 254
15 25
89 37
7 113
279 393
179 55
199 88
241 284
356 303
147 97
395 17
68 350
386 322
63 42
281 27
329 121
9 430
212 210
210 295
89 34
132 125
220 51
358 411
125 235
137 217
397 262
28 20
153 329
272 337
159 74
27 302
154 423
58 252
83 324
188 158
236 367
34 76
12 242
143 98
200 230
91 283
290 264
97 320
106 61
133 192
327 428
396 319
339 31
260 8
39 353
69 237
360 29
45 163
120 200
214 410
420 87
218 285
388 251
345 86
324 242
237 105
353 162
163 309
240 336
16 131
152 257
384 21
389 355
24 148
366 63
47 99
254 201
228 21
312 432
25 292
173 364
422 287
336 419
402 282
168 129
48 321
375 408
421 181
230 371
341 113
167 213
98 284
217 11
140 332
374 196
240 419
124 14
23 136
57 301
203 280
264 341
105 322
144 66
43 129
232 144
21 315
207 132
374 328
410 341
221 57
20 142
413 156
213 296
271 422
231 259
104 75
171 400
426 357
334 303
294 410
300 168
373 141
249 150
363 378
295 247
31 234
357 276
65 4
64 177
19 60
165 345
196 328
75 112
427 342
243 228
4 152
200 182
93 126
288 388
61 222
363 354
170 33
142 382
70 293
308 35
131 111
400 305
6 169
80 340
355 71
44 292
10 203
376 155
32 26
306 246
396 424
123 112
293 12
380 394
82 304
156 164
17 401
135 365
60 198
219 399
215 185
430 26
24 67
91 108
268 124
340 232
45 236
128 73
289 40
364 308
187 146
105 85
331 174
226 28
20 30
176 123
50 405
174 0
166 102
109 22
92 89
11 306
405 277
173 273
128 4
197 215
288 421
399 243
411 184
154 297
61 116
68 392
426 276
122 157
201 370
126 372
368 343
328 383
292 30
159 179
346 49
49 183
245 22
200 201
167 47
