1000 3542
970 551
522 900
61 828
181 32
483 403
130 817
365 331
925 981
670 176
753 894
419 978
354 517
205 603
226 603
171 271
795 793
728 765
684 197
624 626
281 801
717 69
964 269
444 967
988 241
338 488
343 788
644 590
101 976
213 306
561 366
592 452
752 432
983 102
283 628
213 685
686 748
595 935
187 665
800 598
140 797
869 676
179 18
34 656
152 978
35 530
153 499
86 938
872 240
31 724
720 568
32 440
980 186
333 39
477 398
678 731
811 223
902 282
746 501
824 763
1 360
537 691
776 613
426 278
733 109
133 203
592 766
695 526
355 609
63 813
432 720
162 979
995 847
34 540
938 974
151 100
32 911
1 260
974 566
727 624
590 395
357 579
882 616
37 831
260 636
474 403
588 120
284 959
64 364
493 776
170 762
292 433
810 497
357 590
480 125
188 596
487 336
144 490
854 574
58 542
171 225
164 517
628 771
559 284
40 487
163 652
541 520
545 27
731 475
411 948
625 833
35 477
732 57
746 30
823 738
639 718
790 474
386 520
831 283
56 535
972 599
775 527
5 705
200 78
40 891
780 975
843 639
505 578
686 998
58 549
477 530
719 219
604 315
117 746
532 633
821 364
540 167
128 397
476 848
637 696
537 741
170 757
956 607
400 745
121 372
391 30
147 127
427 615
319 258
983 377
315 402
511 22
125 990
951 369
335 975
505 493
378 191
190 530
733 948
242 620
408 658
649 522
677 522
116 858
614 324
481 264
461 282
462 932
479 325
632 693
784 834
336 937
636 80
737 997
436 555
571 873
966 941
144 287
32 727
241 218
159 762
687 459
834 45
834 675
431 627
601 801
408 431
518 539
809 648
345 961
852 674
514 102
959 788
635 601
991 422
457 195
594 24
123 148
255 45
679 744
656 180
481 104
495 174
601 856
668 493
571 165
393 93
877 112
138 766
465 939
924 998
275 33
285 30
102 377
484 534
773 39
840 715
536 177
972 483
845 960
931 293
118 268
15 369
776 178
523 885
260 387
303 294
492 526
180 114
72 33
355 772
777 178
539 395
552 338
313 800
762 320
759 630
731 293
503 524
61 711
794 632
939 609
352 220
554 7
512 168
46 982
545 129
461 902
904 774
382 345
501 281
421 186
79 380
853 934
858 469
26 982
137 454
490 123
327 563
965 801
459 645
915 142
591 898
127 625
561 925
330 957
988 612
283 910
47 256
33 220
431 584
889 624
678 923
173 564
7 966
746 635
817 756
436 131
968 812
455 946
219 361
683 913
956 897
432 19
805 647
143 173
997 566
162 908
259 511
952 660
728 47
507 216
631 758
362 748
262 416
593 242
763 818
388 35
399 389
541 173
920 918
312 985
355 554
423 894
476 118
377 521
956 43
141 690
474 599
78 557
509 4
509 14
952 148
66 694
699 433
595 688
373 420
845 529
138 375
954 569
470 379
593 135
245 244
806 567
140 961
963 262
45 107
452 766
940 75
504 171
213 202
207 526
96 952
193 206
634 860
96 490
704 57
963 50
897 523
81 231
789 552
84 658
872 752
930 935
239 429
392 490
456 321
738 595
128 303
158 694
186 78
616 313
548 633
173 308
45 51
690 558
354 525
432 492
9 110
644 539
685 202
190 942
400 803
774 459
409 677
305 162
260 252
212 259
254 802
328 855
122 106
937 751
330 276
130 379
719 866
697 537
153 945
474 483
175 648
946 119
651 503
377 264
946 446
392 17
215 207
323 442
718 812
205 458
338 192
775 498
758 89
38 766
689 641
429 692
264 341
989 566
98 14
518 357
842 922
231 588
243 753
82 572
812 816
787 836
74 775
312 864
567 894
239 916
823 667
834 107
872 909
926 247
655 445
690 390
912 817
877 130
649 504
465 355
374 678
468 227
630 467
654 737
830 134
592 375
574 8
646 770
610 781
619 26
900 851
300 841
815 190
5 666
537 531
517 525
915 745
582 284
284 783
845 885
873 947
140 953
824 623
300 830
720 255
426 401
110 481
777 578
241 502
882 547
716 818
610 588
607 986
496 677
305 979
369 124
973 350
120 606
471 248
123 811
373 278
862 439
127 833
391 285
735 608
724 749
41 188
724 579
661 482
551 54
191 132
25 800
20 84
744 884
405 778
207 432
699 648
657 275
692 907
437 895
839 683
583 747
248 429
652 330
264 640
607 740
33 922
447 114
360 387
139 63
13 498
214 816
656 661
507 984
890 365
422 820
912 112
734 382
287 660
205 151
502 334
487 249
214 812
353 271
549 239
220 922
598 499
544 393
64 821
564 386
112 130
351 272
763 679
612 502
412 204
780 474
910 926
651 88
87 55
510 485
410 273
863 431
385 290
244 609
430 992
757 159
638 603
442 864
854 176
846 505
595 870
692 454
126 293
562 620
839 927
225 851
394 35
960 885
378 132
384 799
917 436
355 455
823 310
975 709
713 938
60 937
384 698
599 483
747 75
827 463
651 556
417 172
503 721
713 86
219 428
891 336
986 528
408 149
294 792
681 170
281 965
723 667
948 326
991 868
603 3
197 846
897 740
374 707
19 568
933 413
563 161
526 155
953 797
950 779
170 159
849 994
880 993
785 189
547 616
629 611
779 344
935 13
811 195
849 513
375 654
337 460
27 129
444 71
928 347
706 114
121 856
802 619
374 923
882 750
505 777
868 374
506 610
395 987
781 231
494 922
898 53
1 618
104 521
680 235
508 716
352 842
235 884
0 485
940 581
939 554
633 348
481 521
949 41
508 380
158 66
429 454
84 863
916 637
415 798
932 948
691 741
162 725
10 902
875 976
959 343
290 179
337 398
178 786
742 247
143 541
591 53
381 940
802 26
445 110
3 703
873 60
630 12
292 384
144 96
622 787
626 909
139 908
191 315
724 644
222 122
854 418
518 749
580 636
491 462
233 742
762 222
444 266
655 903
245 560
968 816
518 644
104 183
874 970
458 723
175 433
929 819
941 681
68 450
751 551
299 508
185 10
559 582
907 206
280 962
198 426
221 219
452 654
645 260
852 936
722 944
714 52
700 555
622 687
142 745
534 543
66 493
236 255
793 190
30 281
39 95
348 369
496 504
603 151
265 501
567 423
317 7
623 818
767 181
67 126
638 404
498 328
670 854
394 815
986 529
900 271
951 15
651 890
710 903
644 579
471 137
828 214
743 396
534 334
581 747
60 751
270 303
602 571
701 348
529 528
300 728
728 768
803 994
924 748
375 452
384 69
828 203
652 808
510 376
365 736
223 142
897 587
828 968
928 508
458 310
309 640
243 806
985 323
92 906
876 200
693 924
346 855
641 657
292 832
384 116
636 724
724 518
972 709
348 210
542 239
690 835
391 501
117 285
371 484
16 928
255 784
996 695
878 879
998 649
296 730
913 617
927 682
239 137
40 937
618 636
440 779
49 300
447 589
692 973
646 674
620 338
799 858
814 399
137 692
882 99
320 179
815 795
968 718
383 531
181 425
90 304
519 53
322 830
717 799
963 401
660 289
52 296
501 965
241 334
619 246
745 803
233 247
617 243
494 437
475 421
174 604
353 480
668 66
175 292
681 159
454 973
544 928
730 767
902 547
43 740
75 40
88 721
442 257
124 470
658 340
219 324
244 169
712 196
124 912
881 296
653 412
294 754
488 515
671 122
384 717
50 416
556 721
111 59
893 424
490 287
383 691
65 77
736 453
184 990
839 913
699 160
242 135
508 79
454 907
904 459
523 878
124 112
3 723
94 769
199 375
403 316
385 222
592 138
467 840
40 249
812 253
20 756
49 558
884 267
332 215
215 872
439 641
467 999
420 187
987 68
425 727
233 995
139 725
59 954
818 327
519 844
610 326
771 926
72 352
404 226
770 746
906 358
538 874
834 655
486 838
599 403
421 78
480 990
498 527
819 690
631 791
645 360
134 765
883 852
47 561
116 825
318 113
712 863
293 810
217 91
142 837
684 329
286 4
39 11
473 447
124 379
747 947
89 239
359 536
744 161
585 74
1 580
134 47
203 639
887 120
185 274
591 519
588 606
964 143
92 957
477 393
796 797
68 194
595 930
389 805
136 299
571 747
675 514
773 95
87 976
588 91
704 127
969 211
251 872
538 489
450 242
361 773
98 509
916 137
277 168
150 506
711 639
168 425
958 809
302 348
782 933
844 17
778 886
263 319
37 209
178 519
694 786
204 177
881 512
566 602
68 562
538 551
876 980
270 397
876 288
486 755
53 844
277 425
672 397
557 684
133 828
76 499
671 179
825 778
553 684
499 128
116 726
719 221
499 672
152 608
306 719
145 671
977 587
969 444
522 171
912 470
29 521
600 713
841 765
900 229
146 292
959 325
146 175
861 838
764 375
173 697
649 409
216 511
233 926
307 67
389 838
328 527
362 496
746 285
328 10
222 179
779 889
544 16
786 613
173 386
14 4
507 424
105 288
733 166
539 987
104 264
884 162
936 156
598 945
417 559
598 153
693 686
596 404
393 6
74 498
354 415
750 800
583 165
23 568
23 77
988 484
680 679
680 744
895 652
921 423
252 31
873 891
127 871
958 699
211 572
46 26
729 219
117 391
906 297
231 669
500 363
697 386
202 719
319 435
177 166
420 278
273 21
886 929
696 206
907 350
987 48
314 569
893 896
899 43
222 106
943 138
477 544
941 119
295 335
489 650
375 2
152 0
315 83
593 789
744 235
899 956
138 654
889 298
610 231
5 14
790 709
383 794
56 787
469 825
319 944
64 883
561 981
353 339
899 977
408 340
19 77
428 773
137 973
273 700
560 244
972 403
265 746
727 440
331 653
321 306
486 861
227 406
25 598
35 942
449 354
718 253
483 605
392 621
420 963
599 605
428 39
589 306
901 302
348 124
243 567
842 494
115 791
747 873
426 963
429 137
877 124
629 545
713 997
912 20
119 757
591 392
521 183
299 716
327 884
193 629
553 197
257 228
991 121
851 271
69 726
888 349
312 323
863 408
689 71
47 981
208 786
391 635
691 924
707 307
541 308
394 238
678 307
951 210
62 450
943 38
146 699
94 381
770 117
435 87
246 596
919 800
773 333
973 193
917 700
590 539
454 696
668 505
759 853
529 960
542 471
412 955
303 814
215 909
272 943
50 113
515 192
350 611
288 980
352 895
392 144
491 359
718 500
656 456
224 819
500 345
733 932
978 608
225 353
501 285
717 726
255 743
129 964
422 374
357 749
72 842
852 364
159 385
481 309
400 994
954 370
489 43
99 547
55 631
161 908
764 943
465 560
881 714
980 78
467 715
63 933
896 259
318 164
362 504
564 697
931 810
450 593
121 422
527 10
200 186
101 87
535 687
116 469
886 141
269 173
174 83
508 824
909 240
554 966
600 997
98 4
864 663
667 738
462 867
189 634
484 44
907 108
150 610
805 838
924 362
673 59
19 23
734 345
534 241
178 591
785 5
593 552
995 742
592 38
278 401
739 883
352 437
398 393
917 555
710 9
87 631
499 945
379 20
924 649
121 374
30 635
86 974
716 763
438 275
178 898
564 537
542 182
435 875
744 563
246 188
833 871
973 108
796 443
565 614
107 655
97 663
75 947
448 541
303 356
727 950
330 906
388 238
861 805
750 313
52 512
331 829
576 147
56 622
777 776
583 75
973 696
946 941
188 638
942 337
216 22
429 637
80 518
670 546
995 247
421 288
482 473
5 98
822 888
411 150
270 880
816 500
716 623
833 82
543 218
596 205
122 570
489 899
569 540
158 578
66 777
256 768
554 946
851 339
424 407
710 675
298 344
38 452
150 81
947 60
255 107
728 256
297 191
500 961
32 779
457 400
523 528
638 226
6 347
628 995
704 625
537 383
89 471
567 753
214 718
29 309
172 559
915 400
599 709
290 122
575 824
33 494
969 862
242 789
245 465
294 261
101 55
477 942
298 332
315 971
367 86
327 235
520 794
664 313
336 874
290 570
695 155
948 150
377 183
997 989
6 928
513 246
353 125
375 850
280 933
866 729
734 363
830 765
988 534
891 487
199 138
953 670
117 30
88 890
152 485
898 392
101 516
855 461
596 638
780 335
462 166
151 723
986 878
885 312
122 18
660 230
612 241
533 665
694 208
6 93
509 286
644 749
517 70
185 461
521 309
179 570
480 339
235 267
839 682
212 111
356 792
777 208
548 302
245 573
881 597
895 163
969 82
76 153
675 445
366 761
660 915
645 580
868 372
946 681
400 849
648 717
875 631
764 592
65 720
971 402
660 195
93 299
199 764
557 642
139 979
571 583
516 435
593 620
829 311
507 407
158 493
221 729
601 121
543 334
377 309
231 120
843 214
434 44
310 595
660 457
434 905
637 692
99 750
628 926
880 760
29 183
625 732
998 504
364 646
63 280
258 516
820 707
553 668
301 770
753 921
578 694
912 130
401 665
27 964
763 744
450 194
374 820
146 160
381 571
715 371
185 282
370 34
253 500
210 912
111 22
657 842
229 353
91 245
865 152
339 368
471 429
684 668
282 882
303 760
68 242
813 782
686 496
346 10
302 951
10 461
69 698
901 548
199 592
41 638
232 863
700 785
809 292
95 11
560 939
847 394
763 235
710 445
18 892
388 795
760 356
393 347
469 405
794 531
449 164
848 118
513 46
541 386
379 817
766 850
401 533
642 684
876 421
456 589
103 630
751 874
544 398
453 829
14 286
567 28
758 58
54 899
230 289
833 572
612 334
694 178
611 27
57 833
482 706
953 854
974 94
537 632
576 127
311 412
629 129
269 448
238 815
467 12
199 943
301 936
438 478
512 730
239 471
954 314
354 164
675 903
103 759
303 993
316 622
514 983
808 957
426 187
758 182
251 909
92 358
161 162
646 301
563 884
283 676
825 405
535 836
707 678
520 691
705 98
130 470
30 601
386 308
884 139
390 835
108 696
866 565
826 600
736 653
248 637
439 438
838 335
600 367
818 744
488 576
198 373
441 831
466 184
343 479
203 843
225 271
389 647
922 437
677 900
208 178
215 752
867 932
577 756
385 320
915 837
488 704
662 912
906 957
252 357
728 841
419 865
79 716
588 245
323 663
439 71
123 952
360 260
512 181
987 62
717 698
578 208
8 586
774 645
341 651
215 240
988 905
548 701
17 144
785 860
757 385
121 820
687 904
400 837
271 480
745 254
149 476
412 349
456 114
629 27
767 32
607 523
8 427
187 963
703 667
909 996
643 414
465 169
887 781
929 690
373 533
421 200
512 277
745 802
237 198
623 763
750 25
727 889
414 430
443 546
708 322
41 920
225 480
931 475
647 780
708 841
848 584
723 595
297 378
275 478
123 660
720 19
107 51
553 329
601 991
454 108
550 365
879 985
204 359
133 61
566 381
985 442
353 466
741 632
471 637
34 167
745 994
688 154
488 147
614 39
737 86
263 258
671 106
3 151
12 434
943 592
807 427
8 807
977 897
194 135
845 986
684 846
963 533
235 563
105 876
699 292
306 221
304 302
128 672
245 250
687 645
324 361
514 9
655 675
320 145
993 356
975 790
50 318
862 42
600 86
148 230
707 923
406 273
279 365
793 35
502 342
924 686
970 54
771 995
318 449
185 902
691 632
833 211
166 109
366 61
877 912
480 184
465 244
926 394
385 145
703 738
158 777
884 472
801 991
500 140
594 265
761 843
583 873
452 2
863 658
476 584
31 518
691 693
261 792
161 139
258 87
46 246
543 342
199 38
266 71
225 466
956 587
161 472
250 573
705 286
332 626
171 229
809 175
22 673
706 447
810 421
308 537
583 947
815 35
566 94
581 583
919 25
412 888
13 775
149 848
11 90
701 951
894 199
906 276
64 852
100 458
378 174
436 189
326 231
648 292
820 678
65 19
229 225
969 42
668 578
948 81
567 921
885 878
779 624
159 320
739 914
905 44
397 880
827 536
42 967
659 643
629 143
725 63
882 313
86 997
761 133
304 701
864 257
811 142
932 411
500 382
411 109
205 3
767 168
856 868
306 685
768 561
106 570
491 536
266 641
308 383
119 159
393 460
357 644
758 542
838 295
589 321
660 811
241 342
180 456
32 950
325 37
305 908
440 332
404 205
503 88
539 62
706 456
694 591
445 29
204 463
729 565
841 256
182 239
928 299
830 728
495 315
723 738
369 877
72 657
718 816
535 774
115 549
902 882
962 413
974 602
926 388
154 36
697 520
723 823
432 155
267 162
458 667
207 695
670 443
715 988
43 587
219 614
999 12
356 754
345 140
794 693
5 509
496 522
875 55
808 906
828 639
466 125
105 200
770 265
203 214
645 1
303 754
326 887
257 702
678 67
959 783
732 969
160 648
696 193
554 317
396 834
700 131
53 621
633 210
997 94
204 536
210 877
128 270
940 165
737 938
96 123
820 67
179 106
474 316
888 827
143 448
689 72
828 843
268 722
44 612
593 194
472 162
793 477
321 213
948 506
16 6
322 134
414 64
64 914
970 489
257 804
771 742
923 307
753 351
634 705
140 796
125 368
463 177
478 33
694 613
549 89
389 755
232 577
627 848
761 828
431 476
682 683
919 76
847 388
497 421
176 574
769 571
534 502
174 507
436 700
777 493
622 535
566 769
426 373
166 411
194 242
457 915
523 529
475 876
714 597
905 612
942 544
564 383
53 392
938 989
655 514
640 651
853 840
338 576
12 371
287 148
825 886
166 948
918 404
206 629
193 350
544 460
279 736
258 435
120 250
300 708
735 152
751 538
542 916
823 703
644 395
595 36
492 720
305 725
495 971
981 761
947 891
720 77
750 616
586 807
64 739
95 90
464 629
554 772
282 547
889 332
25 76
638 918
239 248
728 134
866 219
4 735
838 780
674 594
673 370
518 590
367 737
267 472
41 918
296 201
967 689
672 270
830 47
428 333
319 516
471 916
708 728
425 32
111 511
770 594
50 262
221 614
775 328
649 677
578 776
180 447
809 433
646 156
865 608
954 34
752 155
754 261
936 674
907 973
648 433
363 382
251 215
572 862
497 876
457 142
259 673
656 706
763 327
216 259
670 418
351 199
955 451
265 391
981 366
965 601
41 404
442 663
21 917
846 668
345 953
818 563
712 84
958 146
49 835
920 638
377 104
250 244
525 798
620 552
85 441
232 84
555 189
127 57
460 6
677 229
214 968
785 555
307 731
1 387
602 940
578 786
67 475
664 919
853 630
753 28
230 811
362 649
865 510
507 893
313 76
531 362
204 491
37 85
286 419
120 217
616 919
771 910
67 293
92 330
333 95
9 983
669 91
103 467
268 319
639 968
141 49
226 151
896 111
691 794
637 973
393 928
498 346
857 801
705 419
715 12
859 69
412 822
780 972
98 419
888 359
945 128
346 461
429 907
136 716
792 486
979 725
439 266
552 488
837 849
205 100
485 376
355 317
151 458
156 770
294 486
798 958
31 80
890 550
461 274
720 23
907 696
458 823
952 289
453 412
2 367
523 960
312 442
385 671
34 569
982 949
988 44
476 627
425 911
675 9
781 588
111 673
563 267
482 447
922 652
46 619
182 916
976 55
82 862
585 775
323 864
580 387
579 987
743 834
161 305
790 599
922 163
765 47
520 308
562 135
612 534
878 985
708 830
501 635
203 718
671 18
802 513
228 468
981 61
820 923
191 174
192 147
174 315
764 138
779 251
553 846
49 690
314 34
173 520
229 851
358 276
908 979
673 314
504 900
360 580
653 451
953 443
47 925
888 491
42 71
12 988
961 953
918 205
329 668
339 990
894 351
770 24
546 574
370 314
44 241
866 361
721 890
582 959
915 223
20 577
472 139
426 420
873 40
899 650
170 320
527 346
316 535
893 216
956 977
639 214
438 72
615 103
613 392
496 409
676 628
811 457
804 702
372 374
20 712
576 625
702 228
881 52
872 207
845 523
576 704
36 13
190 477
822 451
940 873
614 361
919 598
990 927
276 297
946 7
371 988
803 254
274 882
745 849
116 698
600 737
62 68
344 626
730 425
318 517
367 997
537 794
268 944
95 901
869 628
844 621
197 329
453 331
302 701
677 171
258 101
885 879
506 887
15 210
387 618
517 798
986 960
929 390
952 811
853 715
698 726
155 19
14 865
88 524
742 847
246 920
236 23
225 339
211 82
141 819
654 713
999 840
558 835
263 722
877 662
359 463
962 373
687 774
234 672
186 557
67 931
508 575
514 110
957 358
73 1
633 15
641 438
268 258
893 407
479 209
913 243
316 56
65 236
897 845
951 124
990 839
28 272
13 74
656 482
695 432
193 611
227 273
40 336
117 501
711 203
77 743
20 232
2 737
294 814
609 317
978 510
840 12
764 38
215 996
422 868
110 29
42 266
641 275
518 579
376 881
753 272
578 178
782 280
356 294
345 797
231 217
210 124
538 970
14 735
98 286
165 75
520 383
469 886
380 623
519 898
166 932
880 356
872 695
772 946
241 543
631 115
786 591
229 271
855 282
180 706
556 890
282 99
70 525
373 963
73 360
638 205
73 260
80 724
10 855
606 250
926 742
953 796
994 802
175 160
60 487
867 733
348 15
445 102
606 245
934 467
432 526
395 48
730 168
926 995
621 17
240 207
597 52
228 406
350 629
389 861
869 283
657 478
348 877
736 829
449 517
276 378
573 465
579 395
928 79
742 394
696 350
596 226
167 656
441 676
367 713
33 352
195 223
394 388
866 324
613 844
944 258
816 253
589 213
797 670
562 450
715 434
531 924
43 607
849 803
780 599
274 547
981 133
811 289
546 176
820 731
751 970
767 425
821 914
339 125
633 369
784 396
195 400
41 596
265 117
694 519
409 522
665 50
252 80
654 600
379 232
474 972
504 677
56 157
349 204
549 916
822 827
368 927
287 952
72 275
761 711
295 780
495 132
636 357
393 16
691 531
113 449
657 352
254 994
222 145
54 489
739 821
532 951
530 942
226 3
630 715
844 392
91 606
224 49
929 49
630 840
506 326
873 75
920 596
106 18
319 722
730 277
992 64
414 992
560 169
739 852
834 51
902 750
434 988
531 693
14 152
20 817
69 116
107 710
463 867
206 464
983 29
298 626
689 438
317 455
599 316
475 810
387 636
263 944
813 280
880 303
272 764
895 92
984 896
479 85
783 343
188 920
892 417
800 76
588 217
878 312
402 83
308 691
149 340
244 939
731 931
871 969
693 748
489 977
605 56
203 812
194 620
278 963
469 778
705 509
716 575
933 198
545 964
815 530
836 645
202 866
792 399
2 826
867 166
909 752
504 522
81 887
633 951
462 733
568 77
929 558
815 793
993 754
978 485
912 379
965 991
742 388
905 241
336 538
997 974
406 21
160 832
803 802
950 440
202 221
664 25
337 393
794 924
637 108
445 481
146 809
731 126
959 37
51 655
713 737
62 48
395 62
236 77
171 353
423 28
817 712
313 919
366 133
236 568
392 96
940 747
456 447
997 938
440 298
859 116
652 906
635 965
324 773
688 935
475 105
777 694
967 71
902 274
651 721
711 828
281 601
304 548
653 311
355 939
542 549
703 595
436 785
218 659
323 97
318 354
769 940
178 53
177 462
444 689
928 136
172 284
846 158
418 8
731 67
246 982
666 98
328 185
608 0
341 503
486 389
115 758
610 120
503 556
277 767
758 549
250 169
975 599
833 969
848 268
440 624
499 397
749 590
861 755
642 553
431 848
178 613
161 267
675 110
197 668
716 380
524 279
894 272
26 246
76 598
492 155
213 719
152 510
584 268
72 478
703 310
319 101
330 808
996 207
132 174
471 692
482 180
240 695
900 353
175 699
212 511
361 428
843 968
930 154
795 190
852 646
668 777
480 466
976 631
483 316
873 165
879 312
810 876
281 121
832 384
891 249
47 768
493 578
103 934
817 577
727 779
15 877
614 428
439 967
999 715
359 177
636 252
352 494
405 886
542 89
222 671
798 146
452 850
488 192
120 91
474 709
400 254
543 502
123 230
903 514
144 123
337 16
976 115
960 878
160 292
16 460
143 269
273 131
13 328
654 367
743 784
81 506
507 896
984 216
732 871
394 793
855 902
115 542
228 227
356 261
206 350
928 93
885 985
811 915
809 699
836 774
300 134
340 476
81 781
642 197
527 185
201 277
2 600
836 904
187 401
207 492
531 741
494 163
983 481
66 578
87 875
88 279
792 389
645 73
238 795
596 918
899 897
365 453
275 352
158 776
620 515
120 669
821 301
776 694
271 125
29 377
845 528
29 481
463 536
907 193
947 40
760 993
494 895
263 268
838 647
2 713
271 339
965 857
867 411
465 609
307 126
946 966
130 20
3 458
996 240
726 858
852 301
601 857
653 822
775 346
71 641
155 65
611 545
294 399
455 772
809 160
624 332
648 832
973 206
936 770
247 847
748 496
19 236
324 333
300 322
246 949
283 771
103 853
177 733
607 845
89 248
900 225
88 550
339 184
341 640
564 520
434 484
157 622
842 220
110 983
492 65
155 236
655 9
486 805
654 2
489 956
893 984
278 533
306 202
843 718
169 355
534 342
326 781
972 316
730 181
273 436
706 589
309 341
814 261
206 611
579 539
60 249
414 739
141 929
354 70
236 743
185 855
110 102
810 105
994 513
154 585
340 627
654 826
620 789
750 919
38 375
484 241
92 808
481 377
602 381
136 79
709 483
312 97
771 247
40 60
118 319
192 576
77 255
49 819
704 147
195 745
181 911
541 697
266 689
329 846
787 904
562 194
48 68
109 150
446 941
629 964
192 704
710 514
671 290
633 877
797 443
753 423
934 630
945 234
133 843
316 605
290 106
419 735
822 204
36 585
754 814
496 649
155 23
262 318
282 274
774 73
191 495
334 342
896 212
114 589
198 413
862 444
477 337
723 310
990 368
233 771
821 883
425 950
458 703
541 564
650 956
102 29
169 939
841 47
453 311
579 590
826 713
652 92
146 648
456 473
612 543
66 776
705 666
371 434
13 585
704 732
43 897
958 160
332 251
269 541
795 477
19 255
591 844
345 670
706 321
208 591
835 300
95 304
634 5
49 390
118 263
204 827
63 782
921 28
105 980
776 786
220 437
821 646
648 859
548 532
996 432
451 888
149 627
510 608
778 224
281 857
573 560
503 890
609 554
802 46
249 336
720 236
544 6
727 298
991 374
668 158
386 537
768 925
482 456
723 703
547 750
693 362
368 839
735 865
915 195
421 980
136 508
138 452
443 854
747 165
330 358
416 318
705 14
438 33
283 233
412 451
500 734
375 766
848 263
28 894
250 465
914 883
799 698
373 401
271 466
179 122
208 613
258 875
513 619
274 99
970 899
986 885
379 756
701 633
991 856
560 355
239 637
249 937
850 654
949 920
566 571
338 515
626 215
183 341
171 851
562 242
38 138
962 198
641 72
993 294
729 614
378 495
882 664
487 751
154 13
674 770
441 869
457 223
995 394
863 149
852 156
613 53
133 711
39 90
422 372
123 287
135 789
102 104
217 669
96 287
96 148
350 464
388 793
442 97
445 9
251 626
871 211
160 433
484 905
860 5
922 92
766 654
827 359
962 426
829 653
105 497
255 396
324 428
35 190
221 565
491 463
917 131
29 104
183 264
124 130
624 344
284 343
444 439
369 210
761 203
687 836
620 488
975 972
484 612
439 689
84 196
509 419
92 276
362 686
933 962
196 408
301 674
963 665
346 902
438 657
399 861
370 569
958 175
854 8
205 226
716 824
827 491
93 136
663 257
584 118
120 245
272 592
57 871
224 929
735 510
475 497
959 479
628 233
180 473
719 729
550 736
187 533
420 401
933 237
628 910
510 0
310 870
30 965
162 139
531 632
309 183
688 36
277 181
942 398
317 772
288 200
791 758
227 917
625 57
89 429
196 658
496 998
906 378
16 93
360 618
884 305
320 290
991 372
111 259
380 575
127 732
68 593
499 234
780 790
373 187
859 799
769 381
255 834
216 111
640 503
517 958
896 216
347 93
635 281
234 128
628 742
851 353
614 333
431 340
692 108
818 679
975 474
3 100
890 279
504 409
697 383
115 58
836 459
969 572
652 957
861 647
739 364
357 539
881 730
430 64
272 199
501 30
930 688
667 310
433 832
571 940
187 50
609 455
260 580
142 400
517 415
745 837
65 568
419 152
228 410
796 670
736 331
121 868
101 435
835 708
188 918
327 744
584 263
756 712
603 100
974 989
37 441
339 466
636 518
914 852
549 471
14 419
106 892
171 900
682 913
799 726
787 687
74 527
750 664
346 282
891 60
826 367
305 139
870 930
352 922
863 196
317 946
269 564
320 671
302 532
514 445
738 870
646 936
619 982
636 31
763 680
562 593
285 635
235 161
634 666
933 426
3 823
647 295
505 158
177 867
752 526
174 402
403 605
785 634
926 847
866 614
251 344
168 181
901 304
951 348
752 207
812 500
440 889
42 439
940 583
818 235
203 968
670 574
582 783
856 422
571 581
413 426
698 858
128 880
952 230
637 454
180 589
831 869
846 66
273 917
170 385
71 438
193 464
679 327
884 161
227 410
221 866
695 720
101 875
125 184
865 0
986 879
271 184
887 588
236 784
293 105
463 462
637 907
232 712
209 85
200 980
16 347
948 610
217 606
156 594
66 208
137 637
695 65
244 355
384 859
499 270
588 669
252 724
479 37
830 841
740 523
293 475
523 986
140 670
362 998
779 332
587 607
268 516
539 68
137 907
388 815
374 307
187 278
822 349
234 270
726 469
962 237
385 762
156 674
922 895
480 368
135 620
652 358
708 134
223 400
717 116
872 996
799 69
814 792
602 94
256 925
302 633
997 602
570 892
336 751
134 841
801 121
888 204
516 87
389 295
206 545
240 752
560 609
232 756
216 212
557 553
520 537
81 610
535 787
248 137
511 673
138 850
119 681
172 582
650 977
897 607
829 412
155 720
948 109
113 354
200 557
512 201
356 814
853 999
525 415
905 534
432 65
902 99
675 983
752 695
322 728
309 264
464 611
33 842
657 33
916 248
770 391
124 662
380 824
131 785
890 524
28 351
820 307
316 157
795 35
309 651
188 404
898 844
328 346
278 665
821 852
936 594
658 431
966 446
323 257
296 512
424 984
224 141
74 328
331 311
246 41
42 444
491 177
419 4
173 537
174 971
505 776
84 408
89 916
680 327
494 220
886 224
118 722
834 710
673 34
761 61
624 251
943 375
83 507
182 89
574 418
279 550
749 579
334 218
887 231
642 329
788 479
911 727
701 532
746 391
379 577
60 336
538 54
487 937
799 116
978 0
338 704
337 544
724 357
595 154
539 48
977 43
407 984
635 857
570 18
105 421
222 290
673 954
227 21
581 873
790 972
822 955
865 978
602 769
24 265
102 481
864 97
512 767
260 618
779 298
4 865
298 624
154 935
250 560
281 991
549 182
210 662
862 266
613 519
535 904
695 492
44 534
776 208
447 321
320 222
733 411
346 185
332 344
892 291
390 558
528 960
759 934
849 254
399 486
441 283
697 308
564 308
233 910
493 694
175 832
768 981
182 471
431 149
394 795
453 653
299 79
495 604
949 188
268 101
851 480
267 305
817 232
291 417
219 565
853 467
711 843
313 25
996 752
648 384
796 854
937 538
104 309
813 933
580 618
735 978
65 23
410 406
683 617
342 218
613 591
772 7
102 521
191 604
266 967
88 556
613 898
815 477
818 680
90 901
994 46
849 802
310 738
927 683
610 887
616 664
630 999
706 473
42 689
755 805
626 872
472 305
505 66
445 983
481 183
683 243
732 833
975 483
408 476
867 948
252 518
961 796
386 383
554 455
924 496
195 142
534 218
846 777
453 822
148 660
854 546
916 429
671 570
345 796
103 999
382 140
62 562
298 251
119 170
614 773
951 877
794 741
859 717
256 561
81 326
289 457
740 845
658 149
752 492
708 765
513 26
681 757
730 201
655 710
79 575
259 22
935 36
653 955
626 996
917 785
808 358
301 156
484 543
320 122
126 931
