931 9726
807 897
166 337
608 276
83 779
164 762
929 263
81 17
85 83
374 549
196 536
139 716
611 505
688 227
401 524
367 448
216 517
753 299
396 573
752 816
57 158
281 782
351 344
189 202
912 297
168 32
895 398
136 431
6 158
73 18
440 296
543 183
362 426
135 929
173 439
570 693
285 5
260 854
181 105
182 542
767 399
597 586
809 840
19 94
803 382
462 832
254 400
823 531
745 862
737 451
694 570
87 27
269 430
663 875
834 697
478 168
201 879
810 303
215 9
630 114
675 287
103 3
515 20
243 742
568 222
192 840
551 341
692 350
894 100
634 768
24 443
625 916
178 926
399 195
51 787
469 468
102 873
177 433
786 869
598 202
432 473
654 611
882 653
64 308
469 655
315 391
136 481
676 175
722 642
143 811
346 835
90 194
30 433
134 654
368 595
220 876
160 121
321 382
706 729
126 26
582 224
325 131
127 606
450 425
440 784
44 138
830 388
153 765
18 538
271 308
873 521
155 406
872 690
45 349
918 337
670 644
275 898
812 473
356 499
209 708
8 140
144 31
709 205
13 686
381 142
444 898
222 65
514 50
169 630
504 927
928 706
651 5
409 800
167 133
237 699
298 277
732 147
675 923
719 778
261 431
310 805
462 740
198 728
529 300
30 862
413 848
138 349
191 493
132 274
693 498
823 534
521 59
306 730
165 198
499 564
790 10
450 260
852 314
872 382
825 312
645 636
166 660
756 264
188 325
607 488
366 608
212 237
511 567
555 197
482 801
288 750
649 489
191 78
228 834
305 758
895 483
659 848
572 106
148 767
349 483
793 16
111 196
171 810
252 520
785 355
5 479
808 922
342 725
507 878
175 510
727 817
70 477
467 809
464 113
318 897
923 61
719 693
139 25
23 215
925 854
888 360
491 81
466 484
167 331
176 402
529 626
330 728
661 417
157 577
219 825
153 889
718 110
802 293
340 261
848 780
204 331
273 370
328 688
855 906
389 262
916 809
2 485
871 701
824 862
679 238
520 162
468 450
379 46
735 780
330 656
643 2
905 212
426 125
65 615
436 782
890 793
387 147
917 236
720 67
335 742
548 845
93 583
814 400
906 222
277 602
122 143
697 151
245 351
556 497
758 636
785 485
516 161
588 929
86 721
511 460
134 104
287 760
16 900
411 438
162 246
299 187
209 427
880 53
46 2
334 748
429 169
33 659
329 798
449 877
555 747
404 574
823 120
397 369
758 826
29 612
832 466
864 364
763 452
740 120
623 206
137 469
22 469
494 786
74 650
905 367
165 172
111 462
669 490
630 409
592 919
150 402
856 164
53 834
84 359
567 280
500 180
180 582
289 460
159 907
259 124
450 266
706 781
633 450
146 228
404 223
454 734
486 564
485 238
163 529
598 243
384 18
110 453
89 272
881 211
491 268
523 342
7 774
481 154
237 673
550 51
664 756
777 921
478 349
764 198
66 621
233 25
288 604
509 363
735 500
565 746
33 924
661 46
381 487
844 108
443 334
640 652
783 132
526 59
539 187
698 13
925 371
736 430
10 354
493 435
320 630
468 200
908 506
703 739
366 665
427 698
24 748
235 231
784 48
332 830
522 560
315 225
820 568
59 193
746 930
89 576
423 509
423 159
433 323
38 817
8 502
516 702
478 398
380 148
789 564
440 745
780 843
136 819
317 203
701 222
466 811
228 709
559 220
366 919
441 834
313 80
226 280
529 564
40 814
396 333
445 349
925 220
284 229
355 225
155 385
145 95
204 695
150 731
899 1
145 421
545 609
617 894
308 793
629 440
399 689
905 760
490 518
405 741
636 384
220 201
763 352
840 404
19 75
412 411
681 895
125 611
796 510
94 387
683 460
75 732
352 672
674 120
419 508
230 148
570 803
524 320
496 94
688 329
901 124
508 119
895 514
685 794
666 723
99 692
188 243
499 626
260 220
626 558
50 317
638 778
288 271
841 740
583 554
224 795
571 55
512 219
355 485
223 110
297 868
896 1
170 808
41 59
426 326
904 852
753 722
523 85
903 553
930 219
57 711
128 258
797 814
405 631
757 243
619 727
906 184
890 856
240 21
337 226
892 79
410 4
265 631
122 733
145 596
422 480
684 362
636 826
545 614
441 697
24 305
659 901
138 790
391 321
795 523
440 914
270 540
636 716
646 329
698 405
490 781
453 158
339 840
784 745
307 219
74 820
695 154
404 29
96 636
819 877
288 762
830 460
673 268
463 844
359 53
27 169
179 600
525 550
103 328
603 224
753 353
245 354
149 223
815 757
534 160
790 446
613 260
137 858
318 751
3 420
243 378
402 628
552 787
619 38
496 553
701 906
143 218
121 383
882 910
861 488
681 44
853 536
641 731
164 456
605 41
871 269
84 441
304 900
768 930
854 201
762 183
330 198
475 626
74 865
660 199
5 741
647 615
587 769
184 837
350 764
415 114
878 169
391 803
213 209
183 648
58 68
26 383
597 229
178 371
905 276
582 523
923 444
723 574
892 623
563 356
94 667
593 87
190 20
598 627
858 200
633 407
878 839
509 617
85 669
393 127
141 305
884 267
924 400
231 563
160 410
750 150
22 88
929 130
461 754
496 387
676 95
529 486
730 836
405 135
673 448
384 716
437 550
656 723
381 542
129 51
259 116
95 175
90 476
519 857
557 144
417 232
451 259
578 559
389 84
286 248
375 131
549 226
672 443
685 846
822 326
915 796
370 853
236 406
180 795
551 465
140 101
492 400
488 598
83 696
381 60
356 208
673 461
107 262
895 185
241 916
509 894
70 421
10 446
548 781
181 368
735 292
169 114
577 214
519 564
198 172
758 372
47 657
511 199
911 772
486 558
337 436
344 306
156 467
129 715
801 914
767 820
366 287
905 491
110 381
705 73
261 154
410 424
697 205
122 531
669 928
701 170
347 664
842 49
346 724
7 118
651 631
821 906
233 215
747 274
239 88
580 361
216 894
157 303
96 141
120 410
647 118
779 342
523 696
655 200
381 403
641 347
887 196
773 410
734 383
479 263
360 96
178 450
875 745
610 33
883 817
853 832
873 605
928 133
140 96
787 873
72 293
852 362
652 531
250 403
775 391
430 222
853 462
68 282
779 52
832 143
701 184
6 57
58 827
846 899
33 457
529 558
746 777
721 48
888 55
582 653
477 421
6 453
740 484
313 853
674 670
73 372
843 603
154 878
696 545
683 281
458 20
474 413
240 66
378 899
440 177
308 176
664 676
402 294
41 93
354 309
904 684
221 524
447 778
329 817
21 509
263 533
921 585
298 611
682 383
770 344
32 327
334 826
142 703
501 388
370 887
514 10
531 670
308 164
33 125
206 156
393 119
604 750
739 89
831 370
12 402
728 612
799 59
128 153
679 301
302 77
132 37
222 647
488 889
305 372
700 75
317 147
618 279
128 528
231 279
355 291
80 841
295 692
229 608
914 824
714 878
254 426
794 393
308 791
521 554
26 469
256 617
96 624
56 413
167 261
699 268
785 315
173 842
719 382
717 244
259 843
437 768
64 604
423 256
682 157
184 808
6 844
121 920
727 348
42 896
386 929
103 489
45 557
72 399
426 298
91 192
636 139
134 924
876 879
499 857
402 35
393 738
203 553
131 42
618 838
504 753
47 235
108 909
167 340
412 282
307 825
208 499
475 789
486 587
925 425
819 695
148 74
921 285
339 707
298 104
671 918
877 878
489 688
541 152
52 696
389 236
832 210
99 625
371 201
295 809
699 461
331 481
382 297
881 146
240 272
387 580
646 530
390 736
743 158
46 355
434 101
324 108
226 308
128 188
913 752
297 874
295 350
692 339
359 697
732 82
33 654
295 249
182 142
263 130
56 602
403 142
37 274
406 709
335 378
159 881
665 287
219 632
821 430
687 427
496 75
558 661
211 471
655 178
140 270
612 497
463 182
43 531
568 689
670 218
837 615
183 347
843 251
881 562
800 325
647 837
419 1
22 200
86 74
152 896
268 828
199 604
619 806
310 831
910 761
553 551
240 234
247 873
476 690
178 200
21 423
512 247
669 614
503 404
865 390
804 703
284 161
602 451
471 385
880 599
875 380
450 67
838 475
278 693
563 162
84 834
817 620
347 756
643 225
78 132
91 165
459 790
255 582
407 720
105 91
769 301
404 707
96 645
517 112
286 917
478 790
882 779
115 243
102 219
833 813
359 205
628 755
531 160
837 329
181 249
700 94
578 260
305 705
810 920
777 36
62 232
803 476
863 115
482 86
803 470
634 724
307 552
531 120
235 657
695 401
141 758
784 30
372 908
902 201
356 475
543 628
769 338
459 681
820 195
639 345
106 39
351 662
509 216
532 340
286 880
380 296
272 621
607 188
913 772
401 429
223 6
364 442
643 355
372 826
381 804
213 265
226 64
838 63
265 698
702 586
797 77
471 441
39 198
172 743
755 477
606 916
221 507
502 672
720 201
658 480
139 9
43 410
149 463
285 319
649 414
41 632
919 276
583 687
6 886
78 37
411 634
681 151
666 198
797 362
535 814
256 907
107 53
456 12
447 382
305 826
607 863
400 611
112 389
557 50
538 506
23 374
493 801
273 111
605 632
80 652
295 916
298 457
858 214
886 0
180 432
666 404
622 285
493 875
33 277
468 559
389 211
441 151
668 159
470 778
259 180
105 595
752 20
779 545
271 793
435 86
387 842
511 436
199 280
782 164
879 891
403 542
614 706
914 784
564 857
46 315
490 167
733 160
470 318
664 264
435 801
657 866
777 873
320 114
826 538
780 455
103 647
575 159
494 71
873 921
66 617
895 168
630 528
144 770
298 659
77 134
133 472
231 618
345 818
120 160
697 445
736 561
453 428
512 102
55 859
760 276
209 651
777 41
85 545
764 666
157 469
803 719
681 557
862 650
440 230
717 34
750 537
282 768
289 166
114 765
65 54
820 323
321 476
341 702
675 366
917 84
633 925
637 46
352 140
373 708
912 874
392 863
391 570
345 442
98 449
453 844
461 17
428 844
595 339
21 539
171 920
818 365
618 369
31 553
740 811
329 370
713 446
577 92
444 276
144 306
536 122
489 774
517 286
470 382
487 722
707 149
611 659
110 844
730 317
215 683
773 644
715 51
348 853
331 98
237 367
899 295
91 656
533 279
317 903
584 592
189 357
226 460
276 547
232 769
343 140
756 676
473 52
299 539
443 76
290 115
803 638
93 265
310 420
458 267
923 276
158 381
491 367
767 433
530 887
655 92
429 87
395 710
582 83
600 255
803 867
694 872
818 208
262 359
447 867
520 246
289 337
330 172
819 154
311 691
708 235
410 734
828 360
640 466
594 60
666 165
89 240
174 448
268 763
229 49
27 839
177 862
147 580
433 568
265 319
772 752
16 304
629 875
278 14
480 571
351 770
675 726
399 906
550 565
748 139
709 44
677 716
776 187
331 695
614 490
571 17
313 640
916 368
243 892
420 619
841 534
446 50
571 343
11 400
762 543
326 901
376 827
570 638
466 740
303 858
787 247
226 199
374 759
675 608
522 914
880 359
121 424
360 645
394 698
227 530
572 840
876 616
254 11
212 422
47 252
668 100
159 113
232 355
604 456
389 248
80 196
554 59
341 316
496 516
375 202
644 424
487 753
125 326
900 628
131 152
566 729
765 188
153 598
534 733
385 441
395 144
531 773
755 788
281 199
790 185
569 408
893 927
557 770
146 84
356 818
124 843
211 146
1 467
704 579
522 663
234 894
514 185
687 651
820 399
272 539
601 221
781 98
658 571
805 619
662 317
507 630
278 321
718 497
337 890
75 516
535 11
640 823
904 117
9 885
930 825
929 639
31 836
117 40
793 164
717 904
126 137
147 516
349 185
411 129
275 242
434 635
923 242
680 36
5 686
68 510
234 617
862 855
300 365
373 235
573 71
173 341
250 381
768 746
744 311
606 467
755 676
133 340
625 678
522 875
411 715
791 456
71 132
343 360
275 592
820 390
615 530
693 318
568 430
814 426
728 149
69 648
430 561
427 373
435 875
743 453
421 796
337 660
470 638
211 359
865 855
468 407
894 389
846 119
871 184
155 880
170 649
496 203
833 14
825 36
900 648
217 345
793 791
203 551
442 163
7 688
45 790
175 412
216 575
805 688
715 565
145 477
518 819
8 452
790 514
906 649
140 434
846 99
427 741
97 495
394 193
762 150
207 353
305 384
542 893
566 133
381 594
114 850
268 571
817 111
573 494
829 95
439 287
544 15
715 768
260 902
140 360
844 886
484 670
296 767
313 196
859 434
408 464
480 17
626 564
79 378
493 482
106 165
726 665
608 212
493 747
880 385
237 448
917 262
435 37
345 591
199 856
333 71
927 207
694 278
571 502
62 587
86 824
100 248
614 566
832 841
48 820
506 374
22 858
875 914
100 211
632 554
657 252
349 168
401 221
801 230
458 749
104 474
468 371
66 575
840 330
227 831
71 435
798 370
140 672
168 185
166 280
719 498
43 120
384 23
158 844
629 86
87 861
801 784
379 2
925 616
2 744
848 451
160 454
543 150
149 612
543 304
15 520
644 792
836 553
562 146
835 102
236 262
371 854
260 67
249 840
779 761
364 618
140 24
554 265
228 406
326 611
3 54
96 758
554 526
842 284
730 496
317 387
205 138
799 622
636 25
308 537
218 121
376 510
612 743
919 760
287 276
335 794
522 380
663 380
840 666
419 206
740 43
383 577
743 497
65 118
48 293
770 309
186 637
920 577
132 440
399 269
801 745
86 30
383 303
794 546
570 476
102 787
690 318
579 418
90 447
31 19
617 464
398 395
154 431
875 784
337 281
328 615
536 841
392 325
805 646
872 90
475 519
843 582
465 870
0 542
273 853
34 797
82 667
122 43
662 306
131 685
544 864
635 76
463 428
516 667
920 22
540 677
816 20
291 813
194 498
132 197
880 146
898 905
508 738
256 159
206 606
482 274
637 2
538 908
323 103
907 286
596 421
322 370
617 286
208 486
243 685
436 199
783 78
643 338
237 491
43 773
539 423
112 155
247 680
748 826
819 593
584 275
610 492
400 104
460 64
362 33
748 18
544 231
335 42
652 466
641 12
766 741
618 345
909 594
274 801
825 41
885 166
632 93
48 433
494 493
345 838
281 280
104 611
92 450
50 770
882 725
535 314
424 682
810 858
415 771
25 9
98 601
336 695
67 904
408 907
702 726
384 538
801 86
437 282
33 822
812 455
28 507
694 813
254 492
642 207
317 700
62 186
152 419
635 645
786 747
482 560
525 51
182 403
228 441
185 713
692 572
15 639
748 716
927 21
638 690
781 481
559 67
860 836
651 13
918 281
48 767
16 664
550 787
212 276
774 227
775 311
69 756
422 754
188 800
583 921
362 610
212 658
49 584
648 755
61 367
87 771
637 679
392 375
85 696
241 809
232 785
258 153
186 643
388 549
840 503
626 857
290 598
279 356
467 350
711 403
336 429
9 332
277 451
201 684
632 585
605 521
831 806
570 867
743 886
589 709
346 715
216 907
422 658
563 279
659 600
139 215
9 683
139 908
271 604
861 630
462 122
142 927
548 518
148 296
708 864
905 237
360 305
808 420
438 307
233 908
785 225
809 595
245 446
674 484
244 879
777 632
726 366
262 385
77 11
506 388
129 634
610 426
840 198
179 124
737 600
218 454
510 525
565 102
836 377
267 71
353 21
443 540
921 59
39 728
619 883
341 284
841 531
372 233
474 505
710 351
84 599
494 783
914 30
806 883
267 494
390 568
709 712
451 843
420 329
32 245
123 472
670 126
641 183
718 6
18 908
695 877
352 452
498 868
137 303
296 721
637 225
117 891
863 815
42 527
189 115
108 542
499 789
707 728
861 114
229 726
65 7
754 8
475 499
821 323
640 674
467 625
696 725
645 748
678 91
529 499
353 187
616 852
207 299
692 764
893 753
123 706
465 580
712 44
421 58
262 406
337 288
653 725
757 335
777 219
363 408
387 377
145 283
642 299
107 359
879 535
179 451
570 382
654 104
587 186
789 486
344 700
455 882
26 157
572 666
367 352
86 177
514 557
754 571
696 123
716 885
3 808
367 17
392 290
105 106
26 920
469 88
316 675
21 668
670 160
585 285
232 379
472 532
251 653
168 398
156 678
19 516
886 909
200 926
645 758
870 341
817 80
563 217
51 565
785 338
338 485
406 697
464 248
567 890
170 689
670 792
662 730
493 869
385 834
673 754
802 855
29 57
671 830
270 96
390 222
609 490
159 389
846 156
792 469
467 181
755 175
257 613
72 865
235 544
31 203
626 519
83 669
837 619
296 72
758 705
912 772
235 864
118 646
3 328
379 637
838 163
791 543
282 715
815 131
643 775
721 855
562 84
127 181
475 63
404 198
153 290
417 637
20 494
584 923
819 221
379 643
566 532
908 25
674 143
504 893
448 571
691 90
643 315
2 694
897 911
55 140
668 464
282 438
853 640
930 36
885 918
279 345
527 546
865 323
544 520
34 117
133 729
911 396
538 9
355 301
851 247
20 590
402 829
102 777
17 343
218 126
44 895
370 111
19 82
336 221
107 385
902 220
930 605
918 460
472 781
878 128
445 138
26 810
714 524
808 414
629 148
621 363
802 820
723 556
185 395
295 368
721 862
429 771
826 908
436 288
811 218
12 304
815 335
52 669
292 116
177 767
161 584
254 457
615 227
840 707
843 473
373 741
693 297
441 709
510 438
290 202
330 503
628 676
826 18
35 596
668 575
751 752
528 889
166 281
518 204
619 370
172 574
573 786
820 293
256 517
169 258
875 230
923 237
411 525
740 143
236 146
122 670
582 473
307 787
346 634
291 311
904 879
907 894
576 272
56 848
639 217
911 816
298 822
235 252
672 635
630 153
79 152
396 458
791 16
842 229
852 254
667 284
177 74
436 890
897 458
604 537
60 353
452 635
588 263
386 864
418 495
365 417
100 517
14 872
906 430
154 524
776 240
479 544
848 292
278 447
720 616
654 457
595 840
352 343
835 787
415 839
456 150
291 694
208 365
886 403
474 326
220 879
608 905
711 428
549 660
504 722
546 206
723 728
761 609
258 800
563 345
375 290
13 479
388 226
270 443
803 690
764 503
724 851
120 218
44 478
25 671
281 567
405 13
520 279
792 577
231 520
841 466
150 69
756 35
719 751
85 342
851 102
402 756
781 261
832 823
271 456
453 182
176 183
76 372
313 620
394 687
312 921
123 928
204 136
481 695
25 683
444 367
772 816
616 879
134 298
702 597
38 530
498 297
589 445
418 129
710 309
929 544
479 15
646 273
249 165
923 212
462 823
340 781
843 455
917 155
97 437
629 784
464 286
713 770
112 107
926 450
150 347
322 329
756 755
523 779
324 893
615 798
715 724
877 524
286 155
190 494
280 604
608 760
147 870
502 343
529 365
252 618
587 2
714 87
483 710
601 524
277 56
159 248
646 798
411 282
132 747
923 898
601 877
686 235
170 561
17 888
398 483
474 822
121 810
52 123
134 11
824 721
785 679
103 922
65 805
709 459
638 897
400 125
537 16
678 106
776 66
172 223
125 277
724 512
319 741
220 244
86 784
292 582
253 492
913 816
268 480
551 580
361 702
752 190
454 171
505 259
637 315
546 119
818 486
623 899
195 269
866 217
610 314
866 364
115 109
454 26
100 112
270 141
107 84
222 808
774 805
561 3
238 744
813 14
884 783
29 556
579 510
136 154
748 624
859 96
410 454
901 848
189 685
128 800
377 82
42 794
182 324
486 417
567 199
319 135
915 788
722 89
244 891
125 56
482 522
168 514
714 27
70 827
925 201
293 650
361 341
616 34
563 246
743 6
837 831
638 867
460 890
742 685
18 374
391 872
479 386
636 908
920 214
484 410
490 548
319 698
383 655
202 892
835 851
811 670
710 144
221 839
902 616
368 339
507 169
301 311
704 97
364 397
778 874
351 730
481 98
783 191
875 440
771 861
448 8
452 859
855 568
19 387
77 426
106 840
87 258
232 643
917 107
311 90
301 744
702 316
889 357
309 496
367 658
291 14
587 643
434 540
396 783
769 315
138 895
61 276
248 155
431 429
443 645
56 735
578 266
250 324
745 74
271 176
484 218
165 149
102 312
841 210
124 582
660 64
620 832
245 770
761 614
522 86
685 419
138 168
905 547
924 298
291 691
94 732
619 273
530 727
96 677
582 432
292 255
21 234
456 731
52 545
337 199
322 831
544 563
664 70
573 590
445 790
241 350
506 332
806 370
302 362
157 858
926 371
643 769
113 917
105 192
97 510
402 900
21 66
305 636
676 477
151 895
529 62
248 236
680 93
203 465
397 356
147 341
516 465
565 851
361 284
884 20
606 241
363 894
929 866
163 475
677 826
622 698
409 607
670 734
122 674
767 72
335 541
576 668
348 832
181 106
319 686
415 320
816 190
16 641
302 852
304 628
38 798
380 560
388 511
505 780
244 852
763 859
510 550
459 349
808 310
850 607
183 402
378 419
668 894
846 738
203 732
682 26
412 346
577 239
115 357
802 48
900 145
355 391
519 486
679 315
108 804
665 923
242 61
66 363
570 321
768 724
399 736
729 518
896 119
789 558
568 736
377 147
542 804
776 621
795 52
848 735
684 117
538 671
887 853
801 440
639 246
575 517
557 446
459 445
852 610
565 930
62 358
122 120
62 857
571 452
671 683
10 344
687 209
239 468
111 853
129 851
912 816
178 407
929 231
776 272
435 482
100 107
214 926
50 662
466 674
634 851
146 359
770 662
634 565
610 11
922 837
553 387
273 348
664 35
901 116
454 137
149 29
187 569
870 284
127 1
448 352
200 578
760 673
179 255
111 832
30 802
171 26
105 692
865 195
490 566
377 870
47 864
108 703
697 712
285 405
515 267
601 429
23 25
173 316
355 744
585 631
813 278
205 895
805 329
421 97
866 618
438 51
787 605
240 576
324 594
465 842
380 914
859 24
837 310
615 831
749 786
474 611
57 381
604 856
882 342
104 822
103 7
405 686
15 130
75 147
891 314
865 568
150 304
167 204
109 42
341 597
767 855
486 62
784 433
568 561
889 189
771 258
908 23
86 914
712 459
897 515
831 38
179 780
159 286
225 391
359 709
7 420
404 718
402 264
872 693
275 923
157 22
761 669
911 884
463 711
617 100
522 801
704 175
804 487
601 507
738 1
896 419
175 418
470 476
720 34
54 688
755 704
120 670
827 579
461 480
580 667
826 716
287 242
818 789
221 877
195 323
558 365
514 351
461 763
510 437
492 104
261 819
437 129
582 812
395 344
24 645
123 133
683 337
91 39
743 182
127 156
107 236
665 919
826 139
561 649
159 112
863 189
189 131
305 748
99 467
469 577
484 121
327 309
797 684
740 534
830 281
56 451
121 137
437 634
733 4
856 16
88 468
108 927
234 464
412 510
338 301
528 765
768 851
455 52
901 292
173 667
451 780
455 83
729 204
598 742
529 789
548 204
55 270
23 759
457 602
721 767
751 874
862 48
725 609
565 873
790 398
928 490
176 543
728 556
273 883
248 562
303 178
653 83
99 368
284 675
708 47
793 537
795 653
477 915
130 364
67 717
532 819
568 701
704 796
714 771
751 807
445 44
875 86
314 11
213 622
260 876
175 97
317 553
277 848
584 919
70 788
466 43
217 397
307 851
671 374
96 305
538 25
377 551
208 558
790 483
396 884
331 401
206 241
145 788
864 563
559 266
677 18
384 506
200 450
809 91
202 685
652 143
361 667
259 224
544 263
734 126
773 160
918 166
446 344
356 529
821 701
629 801
638 498
627 541
1 181
500 843
198 718
397 818
815 115
522 745
759 226
192 666
29 574
311 14
306 317
594 753
515 494
107 146
721 820
181 625
364 345
221 593
689 3
792 858
405 386
249 106
165 656
443 141
55 101
860 700
896 794
290 189
909 542
541 527
763 828
770 513
389 155
709 151
643 301
589 459
743 250
263 563
488 528
735 255
837 322
386 588
53 441
325 375
424 792
225 833
53 709
878 771
232 637
165 728
7 328
316 439
334 677
251 882
871 103
926 925
362 314
490 133
318 498
685 546
634 550
820 871
796 827
160 4
399 871
612 453
310 688
830 337
673 81
745 30
243 335
273 817
876 244
242 212
577 578
261 336
746 247
173 284
868 874
670 4
434 305
103 649
860 317
871 222
310 798
471 589
893 207
734 810
786 435
575 881
337 271
389 562
99 295
870 597
360 434
900 35
31 496
632 521
656 718
296 30
198 707
657 130
209 686
736 222
225 775
416 390
435 522
725 761
635 24
216 389
360 24
627 42
668 509
241 692
604 164
370 620
144 344
408 881
739 353
645 677
887 832
735 124
574 463
223 428
859 305
147 465
191 132
739 776
188 757
7 489
823 143
764 165
731 628
560 177
420 615
848 600
535 134
447 194
918 567
48 416
564 62
435 629
371 220
500 603
85 653
122 466
906 3
331 28
527 119
520 356
694 311
428 0
388 289
257 578
416 821
181 91
140 540
696 609
649 837
105 350
405 5
71 197
441 205
526 585
874 884
190 515
409 863
295 467
790 395
42 79
336 154
499 486
315 301
802 767
28 593
330 223
211 917
185 351
623 846
129 282
753 539
406 205
761 706
69 264
919 673
449 714
474 659
728 29
335 527
842 702
330 574
320 409
118 774
182 0
289 281
782 604
144 354
236 228
618 163
759 166
398 557
766 135
13 708
582 85
740 531
664 648
764 404
278 382
540 826
925 266
3 7
676 788
256 575
19 377
192 339
650 399
298 125
808 65
200 257
113 112
306 903
888 24
192 503
0 504
195 222
710 354
868 772
297 772
702 584
65 774
736 184
626 661
728 574
628 596
531 4
716 25
40 891
344 31
364 356
374 511
816 884
255 432
333 191
553 82
324 0
476 638
616 244
581 191
501 332
163 591
907 517
322 806
548 532
234 509
283 418
873 93
473 761
644 137
693 751
92 407
34 904
43 811
846 546
307 849
193 585
532 261
808 54
510 346
694 470
818 558
584 608
648 35
563 618
29 463
840 656
127 99
450 220
32 395
157 920
56 901
207 240
839 630
755 70
425 616
99 105
211 599
516 597
25 885
64 793
392 765
906 561
380 30
270 334
866 533
706 133
243 109
673 480
755 421
670 121
912 913
259 603
373 479
337 64
581 555
799 394
879 77
279 818
728 743
277 179
390 323
606 156
236 53
572 595
726 592
571 140
416 650
501 683
209 373
457 611
642 776
854 797
792 26
156 241
908 671
371 260
730 94
900 756
691 447
901 735
875 148
659 292
115 131
927 272
519 365
609 706
243 541
423 363
763 8
189 335
123 729
830 660
617 216
45 398
8 888
142 299
884 515
802 433
516 580
332 511
69 755
873 825
768 849
596 788
675 919
818 591
348 640
331 136
718 223
426 611
185 50
419 393
188 202
595 192
718 57
251 85
102 930
891 253
743 844
493 629
907 112
391 694
327 770
4 126
205 151
913 884
268 17
246 163
213 585
536 531
869 274
766 5
413 600
422 461
152 623
203 516
214 200
665 898
304 183
7 805
690 868
102 825
665 276
118 329
403 504
313 462
268 461
598 189
104 277
433 650
330 723
635 96
85 725
750 543
663 148
752 458
799 285
59 585
828 859
349 557
469 239
852 11
417 358
132 875
680 921
273 727
845 98
863 889
647 688
779 669
13 135
809 192
603 455
503 707
397 63
209 631
873 680
552 102
577 858
889 115
279 208
872 470
266 220
825 526
634 835
424 137
167 845
87 320
106 339
871 170
227 883
60 893
72 390
140 141
278 872
252 364
534 773
309 860
492 277
31 317
49 726
22 468
551 842
579 411
682 469
808 489
593 429
868 911
841 43
54 310
649 310
367 81
221 169
91 840
303 633
711 909
644 4
206 295
67 616
598 892
771 630
453 886
352 434
41 521
867 807
165 404
428 324
115 42
383 239
293 399
63 499
887 640
238 311
814 11
892 685
200 613
588 15
389 107
129 768
77 814
279 591
9 918
163 369
511 890
100 881
129 550
688 798
40 852
745 824
533 618
379 769
408 112
259 255
904 891
50 309
484 454
158 886
581 494
696 761
623 127
536 823
871 561
341 842
680 41
298 326
740 670
29 223
430 647
708 544
747 663
390 855
444 491
699 81
781 204
734 22
843 812
397 442
704 412
34 40
556 463
28 415
302 684
663 801
593 507
191 37
223 463
196 823
848 737
264 676
522 784
535 852
902 876
84 471
738 127
170 184
928 548
897 874
209 13
851 746
482 914
435 663
418 437
576 187
846 127
746 36
589 681
436 856
580 341
441 589
754 763
279 163
535 362
378 794
911 913
880 262
277 659
653 609
527 738
613 559
275 444
774 646
857 661
496 732
227 806
521 799
781 845
729 781
821 689
564 587
906 922
373 686
155 562
706 845
674 160
540 748
414 489
636 23
902 854
317 836
103 414
856 176
299 66
808 647
315 833
443 96
5 135
468 613
717 852
849 873
922 65
827 68
92 578
651 427
749 573
682 137
671 9
610 924
393 295
283 175
430 922
480 174
869 37
548 133
778 913
326 602
100 155
708 588
511 226
616 684
475 486
172 728
73 384
447 498
576 509
394 285
772 749
278 719
556 574
797 117
236 441
329 806
154 507
363 575
639 356
545 729
312 554
806 111
763 343
716 506
616 201
706 340
260 201
632 59
282 634
390 821
58 579
739 539
617 113
536 740
519 62
797 852
420 118
260 616
780 500
747 629
51 512
157 655
582 603
175 376
656 574
664 145
395 50
521 93
8 828
897 913
423 617
252 563
449 524
46 679
529 661
583 526
192 404
219 312
379 358
453 711
852 253
671 885
234 216
302 134
601 593
741 686
485 291
156 625
821 195
901 737
607 765
264 283
237 174
229 439
610 254
632 394
852 814
791 731
240 569
574 453
92 257
89 21
884 333
74 48
780 124
326 735
667 842
668 113
336 593
358 2
418 68
355 833
607 800
294 676
494 435
845 481
825 59
323 170
773 218
921 526
808 118
493 555
274 380
636 73
331 601
618 356
530 806
894 112
710 31
41 554
776 576
62 417
612 6
785 238
836 732
399 701
215 388
383 469
140 859
376 412
330 149
486 358
122 160
67 876
503 29
583 193
504 487
414 837
595 165
107 880
856 537
35 915
395 446
555 482
769 775
701 689
125 474
310 227
82 516
544 657
762 304
449 221
290 815
424 454
761 928
514 710
556 57
587 46
153 325
102 849
296 862
495 282
721 293
737 259
8 17
355 238
66 569
144 662
210 43
681 138
15 563
230 824
619 227
766 373
550 307
553 377
819 524
432 523
800 598
395 327
441 138
640 832
204 481
258 765
124 603
479 47
561 808
391 14
49 366
531 410
258 607
426 474
846 1
611 848
51 552
54 118
537 762
489 329
844 250
689 103
394 319
367 763
855 736
632 921
39 149
122 534
468 925
734 792
134 33
742 109
410 644
339 165
103 808
74 293
655 214
646 831
231 533
576 621
280 793
225 813
525 129
306 496
334 705
116 432
897 772
525 634
501 289
690 807
199 308
151 790
658 81
255 224
428 108
770 903
141 705
831 727
843 224
739 187
3 414
245 710
123 490
49 608
549 460
161 726
544 866
249 330
907 881
837 420
137 920
656 707
486 661
300 558
547 174
225 301
329 227
576 256
697 681
168 713
247 777
854 302
672 540
360 758
665 760
366 592
61 268
862 399
637 785
41 687
483 245
426 277
637 485
615 646
154 429
365 857
112 562
708 479
552 746
874 458
460 436
23 885
623 896
880 236
463 250
858 655
10 144
82 551
523 653
55 434
569 509
114 258
501 511
383 92
179 259
186 338
449 431
544 364
567 782
4 454
240 668
513 903
128 863
519 232
600 292
902 244
693 778
348 620
334 141
543 69
592 276
853 620
96 748
61 212
821 170
538 23
242 276
631 373
121 26
195 430
171 577
739 272
631 708
437 495
486 857
524 27
175 58
670 454
488 392
137 655
499 558
126 920
274 522
212 461
459 895
536 811
292 432
265 651
5 386
698 686
909 487
908 215
323 906
810 239
632 526
710 770
737 180
556 6
907 464
929 252
608 242
641 69
893 722
690 751
611 901
198 556
652 122
251 523
569 617
461 174
20 573
745 177
160 792
332 759
411 510
36 583
64 856
923 699
242 491
411 495
296 74
68 495
310 646
294 70
786 132
901 179
268 8
928 609
682 171
818 626
164 16
385 709
780 224
728 497
215 830
225 744
756 648
204 261
510 495
920 88
813 311
572 39
474 602
39 503
493 522
484 644
189 757
497 6
368 192
474 179
108 403
266 717
181 916
710 306
743 57
642 576
82 341
248 211
922 7
78 71
174 352
363 617
152 527
251 473
666 172
557 309
753 240
815 202
520 533
641 543
186 769
495 525
519 358
456 183
383 214
111 620
439 726
699 658
91 339
905 61
416 855
322 530
172 718
84 53
423 894
486 379
537 304
788 58
142 642
800 889
6 250
830 226
644 682
350 368
228 459
335 892
81 8
207 89
47 929
613 925
776 21
885 337
550 552
351 354
414 65
777 93
813 90
689 184
372 716
346 51
906 170
633 926
465 341
730 203
632 799
271 164
407 266
787 825
786 274
681 45
819 449
737 780
804 753
891 362
719 912
731 829
530 620
542 487
787 312
409 188
315 291
782 793
114 488
731 648
590 494
616 117
778 868
801 380
594 487
885 511
190 783
16 183
868 913
641 304
646 619
830 549
591 626
756 294
431 877
645 705
253 814
642 240
887 348
183 900
490 729
785 2
153 800
598 815
168 245
584 366
468 633
174 571
809 764
76 826
206 181
752 749
230 296
197 663
400 298
36 93
240 187
261 449
558 186
733 121
620 462
357 757
94 580
18 23
642 272
443 748
334 636
60 207
745 721
823 122
215 501
143 773
754 452
716 23
693 690
715 102
535 253
653 342
325 757
878 27
10 710
530 348
153 392
325 290
477 175
76 677
673 491
378 119
719 867
199 164
791 150
927 576
92 214
858 88
593 524
171 137
725 928
809 106
130 520
354 770
223 556
861 850
37 380
426 400
228 681
204 845
414 7
900 294
396 515
54 805
796 437
746 787
162 838
734 157
16 756
688 530
607 325
830 166
122 811
108 893
875 560
700 903
825 799
602 735
698 5
609 614
22 92
668 256
2 238
402 145
50 354
391 447
431 601
317 82
130 563
70 95
842 586
650 736
798 853
556 612
258 850
238 833
339 39
466 143
452 140
864 252
272 509
245 50
434 645
473 342
344 903
119 99
468 266
656 172
883 727
704 418
99 156
860 730
346 550
298 474
310 322
667 229
154 714
186 358
377 516
814 924
721 72
158 108
647 65
738 625
451 603
24 96
768 102
193 285
600 735
96 705
638 868
150 664
74 72
680 521
575 113
526 213
29 110
356 442
680 526
674 410
541 896
807 816
335 109
21 363
160 218
257 371
226 436
43 733
743 110
389 880
797 253
847 220
753 272
372 538
817 348
116 843
472 136
288 856
767 293
676 421
852 77
628 294
751 772
86 560
54 615
21 621
894 517
57 428
849 825
99 678
795 882
624 73
717 117
925 717
124 812
810 469
3 65
232 587
508 127
29 428
656 556
631 135
225 311
50 306
651 766
898 242
58 418
715 512
771 320
460 660
925 876
924 326
450 854
839 607
114 607
914 862
538 233
356 300
214 450
373 5
35 264
821 871
896 899
370 313
314 924
9 501
336 28
782 176
422 174
536 466
845 261
898 760
914 148
266 854
897 190
760 367
97 58
675 275
417 186
428 542
271 16
624 372
218 792
256 894
608 665
555 522
117 852
495 715
10 395
716 908
921 799
553 147
800 189
501 830
510 715
666 149
878 87
547 763
120 644
134 254
184 3
667 702
678 368
350 192
419 546
919 237
221 429
278 803
299 272
858 926
359 406
811 644
695 221
923 760
275 287
748 538
692 192
477 283
322 727
595 39
683 289
17 672
236 471
523 83
922 647
621 234
200 559
454 157
839 128
700 836
232 46
326 848
193 622
69 347
865 399
257 266
713 351
668 517
637 301
95 421
888 140
345 475
541 79
539 234
229 366
891 610
230 784
927 753
74 767
328 310
876 797
856 793
602 259
684 852
741 235
873 632
565 552
613 926
179 505
322 883
764 39
793 176
320 488
672 434
177 72
783 869
811 410
927 299
134 314
67 797
798 620
352 888
845 695
674 43
540 758
606 809
126 682
613 407
150 183
409 258
483 32
807 772
769 785
96 540
891 814
411 835
530 313
285 427
675 898
492 924
245 713
647 54
545 706
600 259
165 707
639 279
834 459
755 915
475 529
640 122
540 141
239 613
251 455
327 662
166 436
508 393
127 295
841 120
602 505
621 575
479 864
657 364
691 570
782 288
252 639
303 214
442 63
751 897
87 114
395 713
115 202
712 681
25 918
441 681
659 56
55 360
139 233
721 74
785 775
627 892
37 86
393 1
824 802
472 518
698 135
214 178
66 668
865 871
297 897
685 623
399 170
407 371
755 95
532 481
587 338
261 401
625 595
558 857
378 127
241 181
797 904
544 639
163 208
279 475
297 913
851 849
625 106
766 479
513 836
414 328
485 225
140 334
830 436
803 194
531 121
12 664
557 713
659 505
887 462
28 221
346 525
343 452
44 45
531 143
752 396
518 340
662 31
842 316
578 925
428 250
899 105
789 661
635 758
798 313
319 631
336 98
298 901
279 442
222 689
840 39
810 157
406 441
755 264
487 893
217 475
906 414
578 926
325 742
289 660
844 324
560 745
644 126
224 473
621 569
835 552
706 532
216 113
744 694
380 230
50 513
695 601
261 28
356 163
806 273
200 633
340 819
218 424
691 872
704 68
544 252
566 518
3 922
33 326
28 524
896 127
712 138
244 40
459 45
726 923
353 621
621 668
812 523
93 59
77 610
703 642
476 498
895 710
447 690
565 849
886 324
777 825
244 904
323 269
134 610
11 492
307 873
717 684
352 502
445 681
565 512
570 318
317 377
930 873
353 66
93 213
359 385
708 929
598 357
116 582
267 191
904 77
124 180
854 616
47 263
638 751
191 435
132 522
895 557
849 219
447 751
311 570
455 696
678 809
0 487
878 630
783 786
675 444
627 527
613 450
387 465
802 865
500 473
285 631
279 838
284 584
363 907
661 379
226 271
299 21
698 741
133 845
503 728
432 85
139 374
98 28
427 405
433 390
350 339
599 228
611 737
342 761
503 723
664 95
462 841
717 40
930 680
143 534
153 488
508 99
272 668
181 350
684 253
407 559
289 549
379 785
577 613
201 904
298 56
822 277
184 414
784 148
883 111
9 388
888 635
346 282
859 101
818 499
747 440
249 91
564 186
187 668
437 525
23 9
189 742
296 433
707 29
832 43
473 882
608 592
554 799
684 40
587 358
369 499
123 609
94 870
719 318
173 49
778 897
808 328
223 453
111 536
369 818
796 412
492 298
703 207
112 146
783 274
583 799
135 47
876 117
680 554
521 921
57 182
541 42
396 581
159 517
771 409
777 554
573 581
746 825
480 81
143 670
241 572
207 776
41 265
750 641
786 71
382 867
109 152
768 512
536 210
424 810
150 12
77 33
317 19
918 660
684 891
436 308
355 694
375 357
602 179
237 658
569 363
927 89
445 478
543 664
448 754
467 678
661 186
619 817
109 541
110 886
828 101
95 915
255 603
615 619
610 104
562 471
387 361
226 567
650 855
546 393
192 764
866 520
834 205
104 326
331 261
852 134
847 854
539 621
623 546
423 464
296 177
266 902
618 246
592 287
639 838
642 89
187 423
568 323
12 347
193 405
889 815
17 140
335 623
272 569
216 881
384 671
314 492
65 310
702 284
301 291
908 9
930 632
419 899
188 115
694 719
593 415
464 517
589 205
433 416
633 559
73 538
38 273
435 274
479 235
825 680
365 661
605 93
924 474
551 870
693 807
809 572
511 281
146 406
668 907
571 672
750 176
158 250
673 367
367 480
309 317
506 885
207 21
802 650
577 200
639 397
793 150
292 603
861 409
554 585
708 657
69 900
94 361
549 436
712 205
455 85
292 224
557 245
737 735
855 323
57 250
283 376
677 73
272 256
386 15
819 714
210 674
862 433
663 86
97 418
518 532
175 579
608 898
338 2
106 192
440 148
520 563
126 157
691 470
620 841
178 578
888 434
277 505
779 910
383 858
801 875
118 688
289 436
450 925
464 112
637 775
464 107
235 15
576 539
223 711
310 774
423 100
862 72
354 31
732 387
395 770
859 270
358 338
28 401
602 848
675 584
504 642
673 571
700 203
465 667
620 196
719 690
623 527
497 57
23 501
232 358
847 876
120 811
801 177
22 303
284 49
329 727
505 848
599 471
312 583
478 895
46 785
723 149
382 690
206 467
864 231
873 41
289 199
815 189
60 240
177 721
131 541
685 42
790 245
199 64
782 537
559 902
248 880
260 720
612 428
109 892
309 836
820 821
389 146
460 271
184 489
152 393
837 227
910 669
800 115
892 541
94 75
430 689
390 701
873 219
825 583
384 233
706 472
466 773
552 849
204 819
609 566
804 722
631 479
833 872
13 235
176 16
453 250
238 291
619 798
341 161
784 72
132 801
208 62
793 762
670 410
233 671
623 378
414 647
597 439
784 74
221 27
787 777
493 132
646 806
853 196
183 664
18 506
325 815
823 811
351 31
1 105
193 319
550 102
921 265
507 771
108 60
377 580
184 7
677 538
78 197
463 381
335 152
39 707
694 803
464 100
617 159
649 118
571 352
234 100
821 736
238 694
299 240
49 675
913 190
44 483
783 71
416 399
802 416
842 726
786 191
512 746
697 44
716 671
882 696
123 548
266 720
183 69
150 628
416 820
722 21
550 746
919 61
107 599
167 136
494 869
115 627
914 230
869 482
839 850
137 22
815 357
194 382
679 775
713 50
430 103
611 56
585 427
592 61
208 529
807 874
215 166
827 418
451 432
664 628
201 244
269 701
722 272
370 348
762 641
273 620
419 738
524 878
371 266
147 551
22 178
726 608
237 547
862 767
615 322
283 58
910 725
874 190
915 421
608 61
57 886
620 536
858 92
384 908
598 115
383 468
302 40
98 401
494 197
864 866
646 883
205 459
166 890
312 680
177 824
305 624
429 878
20 581
579 346
357 335
358 785
139 18
334 305
673 658
1 99
291 278
187 256
518 781
627 685
421 788
866 639
187 66
204 449
786 555
369 208
800 863
361 161
395 354
718 612
658 763
276 422
67 34
406 712
43 644
894 881
801 296
734 171
222 561
877 429
409 153
778 297
148 802
511 64
137 88
537 150
101 270
655 88
119 1
309 700
629 560
738 899
53 406
653 123
735 116
873 312
5 708
0 594
812 85
683 511
722 776
862 865
90 719
551 361
897 752
896 846
632 583
64 782
682 22
14 691
508 206
318 868
194 690
788 97
368 249
777 521
658 448
399 430
256 113
822 602
114 392
890 280
551 173
838 442
502 828
725 545
820 650
704 510
204 98
177 802
66 159
497 711
817 887
899 181
407 260
249 764
647 805
532 331
264 70
425 902
563 397
568 906
107 471
320 153
473 83
466 670
791 12
246 63
180 603
927 353
536 43
901 259
790 168
64 288
491 658
614 548
388 337
209 405
499 519
432 812
437 438
119 738
264 477
794 508
637 769
789 62
627 79
680 394
668 617
432 224
499 62
731 35
671 215
31 903
198 574
43 670
609 133
707 556
436 164
884 581
227 38
672 24
731 183
537 731
858 178
823 43
496 147
310 38
838 818
217 838
148 48
649 328
648 294
662 344
754 888
851 512
157 239
474 56
615 883
385 712
860 903
33 104
242 760
87 409
768 565
527 846
143 160
450 902
207 739
558 587
578 371
464 917
883 348
760 491
902 904
793 456
765 863
620 80
498 751
853 823
551 702
139 538
184 310
723 612
707 723
222 414
541 623
575 464
434 96
269 184
70 796
561 184
834 589
351 144
644 810
473 85
887 313
61 658
17 502
152 546
676 70
265 285
655 468
517 211
46 485
607 392
657 15
812 653
171 157
581 71
688 273
253 610
881 107
532 136
45 185
603 85
262 53
285 373
768 307
628 35
441 445
394 405
751 868
708 386
25 332
856 543
85 52
109 79
120 773
7 837
384 139
73 139
681 168
908 501
830 567
400 457
903 203
256 464
336 877
107 228
385 53
884 749
365 232
155 599
480 352
438 835
451 735
29 743
216 464
733 644
921 193
872 719
701 103
868 897
110 250
385 697
409 488
907 389
829 294
813 691
240 423
90 470
444 547
36 554
450 559
234 668
919 898
54 774
59 213
580 702
364 279
11 426
723 718
701 561
837 805
604 308
650 323
268 754
360 748
771 114
352 360
513 700
832 122
480 8
882 85
829 755
654 474
748 758
673 763
335 685
675 242
867 868
437 724
548 472
877 507
657 231
516 341
373 386
731 756
754 828
73 23
223 57
505 735
583 394
674 811
879 40
811 484
731 304
129 835
514 713
270 758
105 249
730 903
337 460
763 502
19 147
2 391
164 537
357 109
784 721
318 807
135 235
14 321
588 252
308 856
162 397
353 539
851 787
459 44
338 355
641 150
748 73
308 750
10 713
115 685
428 886
690 498
811 733
250 909
907 248
520 217
444 422
665 592
243 527
580 284
287 919
724 51
539 256
790 32
16 347
31 860
592 242
246 345
526 687
238 391
525 282
596 283
484 424
258 863
171 303
813 872
172 149
799 687
781 819
20 333
336 524
625 91
880 84
446 306
34 684
306 860
230 177
86 745
407 847
650 821
171 469
629 914
74 416
512 777
638 807
166 567
527 794
69 829
632 193
28 601
214 559
557 327
65 688
540 305
867 498
608 287
628 95
493 37
296 865
814 314
458 573
287 905
321 693
172 723
700 19
368 572
804 927
203 19
800 357
559 876
758 624
653 696
535 254
690 912
1 916
687 698
8 55
363 517
749 267
117 77
446 354
96 334
150 900
759 337
507 87
651 698
578 613
516 586
718 463
72 650
477 596
874 816
651 373
348 536
434 141
261 481
228 445
543 12
474 277
727 111
53 589
202 335
70 915
681 790
835 51
597 316
420 688
557 395
596 704
460 288
919 923
145 915
534 670
433 293
501 885
836 19
30 721
198 29
13 386
906 736
495 634
773 670
799 585
697 709
633 257
363 464
288 308
88 613
709 445
779 123
168 10
56 179
715 835
292 780
244 77
742 42
114 800
300 564
706 167
809 368
371 616
647 7
564 637
738 105
717 302
734 26
455 523
334 76
175 827
618 217
886 381
314 33
38 806
440 824
147 82
94 173
899 467
37 440
639 533
618 63
215 506
109 623
422 367
907 113
763 55
551 597
359 471
467 916
172 29
689 414
797 134
234 159
746 680
444 212
420 774
99 916
276 491
673 422
123 614
524 861
282 724
651 135
797 40
100 389
309 306
926 559
690 867
129 565
115 892
18 25
698 373
796 495
636 18
662 860
694 14
116 603
890 308
367 754
695 524
9 506
256 509
212 268
239 655
18 671
853 841
280 308
38 370
743 711
858 257
888 343
114 528
824 48
72 820
507 839
604 176
344 317
517 917
36 526
705 384
656 29
39 165
497 844
307 512
790 327
721 802
536 143
897 816
68 411
403 60
105 625
228 205
85 910
882 52
185 710
637 643
506 759
301 391
440 560
927 642
622 209
739 576
457 474
333 78
355 315
603 812
226 890
892 42
241 249
31 94
176 641
624 716
366 275
488 290
119 899
161 675
351 50
591 300
491 174
176 347
132 629
762 16
234 408
216 211
547 658
451 292
8 352
119 606
890 199
269 170
152 378
628 648
594 893
220 67
702 161
328 805
115 541
65 489
216 112
885 759
460 567
369 300
290 757
796 68
358 679
193 427
719 638
259 292
9 289
148 30
33 474
9 549
769 485
597 726
906 103
344 496
13 47
832 120
264 95
14 447
702 229
393 206
783 37
62 661
246 369
169 409
648 145
214 257
846 206
60 642
542 703
94 516
638 911
856 456
547 268
182 108
876 34
701 736
311 321
252 866
609 729
449 593
359 459
266 876
849 605
685 541
342 910
61 461
924 457
399 323
66 423
666 728
30 74
8 434
10 351
594 927
590 786
758 76
403 927
537 12
555 801
716 9
334 758
378 896
793 543
508 899
92 926
516 870
927 240
288 164
110 463
514 327
910 609
509 575
180 473
19 732
235 929
522 148
679 744
883 313
857 186
713 662
754 502
56 505
214 613
609 167
493 197
499 365
589 712
240 539
770 306
704 376
567 436
881 389
646 227
318 297
570 690
609 548
903 496
648 264
847 425
674 534
244 797
543 347
630 607
102 247
504 703
765 115
216 100
555 440
663 745
469 92
386 47
865 821
223 497
335 896
494 191
478 45
301 833
753 207
324 927
746 219
70 58
546 1
110 711
760 699
64 164
137 383
383 178
771 488
194 867
844 0
302 314
747 522
375 189
188 863
194 638
113 211
300 519
286 389
231 364
330 707
372 139
379 679
727 853
290 357
885 830
289 890
325 202
592 905
766 386
715 634
760 212
671 501
911 752
73 25
751 912
398 32
760 422
917 880
557 354
579 68
831 530
766 686
510 282
349 398
276 268
754 55
484 160
878 114
395 662
445 895
523 910
268 658
312 41
514 446
646 322
383 22
276 658
243 79
611 602
778 807
650 906
266 260
126 858
476 382
713 354
792 682
161 586
841 143
766 47
351 860
203 94
250 886
647 328
542 142
126 171
623 794
833 391
560 230
408 159
94 377
445 45
134 492
238 14
859 540
481 449
350 106
483 557
817 196
433 855
345 208
95 283
412 129
842 584
561 65
594 703
250 108
343 434
924 125
326 659
333 786
786 493
798 80
895 349
133 781
26 303
498 897
24 141
530 853
766 708
67 201
568 269
421 283
614 532
702 675
394 622
443 758
462 652
257 559
703 927
809 339
149 718
750 791
35 829
503 718
292 124
277 413
423 216
529 857
654 326
381 0
571 8
125 413
512 787
221 714
214 633
75 465
244 535
801 824
781 331
597 49
849 930
439 608
444 905
200 407
49 665
603 882
724 930
281 436
23 506
365 62
87 169
296 824
56 600
170 222
685 378
777 312
142 60
166 64
826 384
2 813
86 230
864 657
866 563
900 829
540 705
656 728
553 94
765 375
625 692
458 333
720 220
910 123
278 476
314 426
472 331
481 28
430 649
482 875
360 540
439 592
473 725
612 57
730 19
25 374
23 332
162 356
82 580
708 15
630 850
187 234
496 836
470 751
404 723
430 170
452 101
93 921
309 662
487 927
488 325
683 388
192 198
414 54
126 239
575 894
137 239
276 237
524 839
92 178
586 726
857 358
22 655
546 738
76 636
549 337
32 713
142 753
335 627
293 855
883 853
328 54
853 80
779 928
591 529
756 70
455 473
436 280
920 858
331 819
656 404
807 868
870 702
852 891
590 191
793 731
622 319
841 652
274 440
729 472
224 85
2 355
61 547
215 289
919 242
179 737
264 421
884 494
168 327
656 198
813 321
731 69
359 834
11 654
305 73
750 731
458 590
1 295
211 880
793 641
118 615
653 669
312 93
364 838
132 435
772 20
828 888
489 310
104 457
92 200
217 442
148 72
57 844
72 433
117 134
59 622
237 461
147 173
180 455
281 460
753 89
25 830
724 787
488 863
480 448
221 415
870 667
756 628
800 290
462 210
61 673
526 394
512 680
450 371
46 338
884 458
354 662
246 838
796 376
184 647
506 511
490 472
554 213
647 310
463 158
387 173
60 927
205 44
759 388
58 376
681 514
43 218
324 403
881 880
216 159
895 245
692 106
829 70
831 817
197 274
672 96
151 45
857 46
815 243
895 45
374 332
741 47
616 302
250 0
712 895
435 380
416 871
91 330
427 319
173 586
865 293
73 9
596 175
585 698
117 362
447 719
866 246
108 753
533 838
37 747
243 623
433 820
274 86
553 516
557 351
341 229
4 171
247 849
65 646
741 929
779 614
783 747
842 675
817 640
798 887
566 167
895 790
406 834
509 464
442 591
309 513
462 674
887 536
674 531
294 477
668 408
276 367
862 802
835 565
220 302
732 516
592 760
667 439
314 400
286 236
534 811
392 188
669 609
101 24
33 611
858 613
133 518
584 726
580 161
23 671
336 601
668 363
764 840
226 604
321 803
559 925
588 544
385 406
763 888
223 574
256 408
135 479
727 620
916 678
321 194
537 456
253 134
9 166
202 541
828 140
433 821
403 703
77 314
854 34
872 638
864 130
722 353
643 485
27 771
340 845
859 635
206 1
566 548
921 554
780 582
691 321
119 206
401 601
196 841
775 833
860 513
889 598
301 813
419 606
22 577
424 126
828 434
616 535
184 922
315 744
684 610
392 528
49 287
448 888
197 482
253 426
874 20
930 777
446 662
570 194
169 320
140 635
413 179
97 376
712 445
819 601
555 37
918 511
336 714
686 708
280 288
859 334
862 390
421 579
639 618
600 124
791 537
152 846
252 533
872 476
55 672
6 428
126 577
699 422
303 239
632 687
819 336
671 759
666 656
807 752
523 725
175 68
864 520
602 901
590 267
50 730
415 27
489 54
209 741
436 64
309 730
725 123
28 431
430 3
896 393
784 802
381 909
794 738
805 227
254 33
186 379
77 492
412 525
320 128
615 805
711 182
133 136
585 405
330 718
682 303
473 910
354 513
872 447
635 443
399 561
220 34
396 190
482 747
146 385
597 675
323 222
451 582
247 36
792 137
843 795
232 186
796 58
806 887
455 342
552 777
126 469
727 370
241 467
515 590
77 362
38 313
599 441
155 236
925 847
294 264
428 182
792 171
848 124
842 161
388 660
276 699
253 33
127 899
704 58
644 157
327 50
271 537
631 47
645 76
771 153
16 69
518 136
246 442
832 652
784 767
382 868
904 253
805 831
882 523
644 454
430 184
903 387
227 727
72 855
744 278
364 563
652 210
470 693
426 924
470 807
134 457
689 808
562 385
741 13
467 105
810 22
850 528
408 100
115 335
384 9
558 62
516 316
835 768
539 66
559 425
812 779
360 334
471 228
197 747
346 129
327 354
30 72
492 326
196 210
652 674
747 801
680 583
217 162
806 313
424 171
99 181
242 422
382 807
376 418
492 611
322 619
121 734
244 684
265 209
915 97
427 5
176 762
63 626
210 122
603 251
725 614
668 216
918 683
409 375
686 544
345 369
561 922
340 481
753 642
193 651
292 812
352 55
355 278
775 694
820 855
15 252
285 209
920 303
901 451
579 495
629 380
883 887
796 97
557 710
739 240
100 286
322 227
156 916
212 491
232 315
694 447
128 392
163 818
885 388
845 819
635 305
421 175
135 386
543 35
889 290
665 905
512 849
9 374
77 891
326 600
699 491
65 328
660 567
881 155
349 32
21 187
395 306
512 312
210 740
368 91
371 847
467 249
831 883
856 641
678 192
155 84
198 723
465 361
420 322
167 729
45 483
212 673
919 905
829 676
885 289
532 845
689 922
337 280
622 427
664 294
449 601
912 868
310 615
272 423
382 912
86 296
717 879
221 87
799 213
454 792
495 129
139 885
787 849
220 616
485 301
237 480
879 253
445 151
277 901
212 699
418 346
51 102
530 817
398 10
154 593
509 100
597 284
498 912
798 530
325 115
545 548
814 134
35 421
453 57
75 377
635 334
452 672
564 769
304 756
29 497
73 716
214 407
496 377
126 303
860 496
246 818
652 43
378 1
9 511
396 20
771 839
574 612
761 490
650 430
617 881
558 232
738 156
280 782
369 626
729 845
79 896
545 167
247 930
760 237
432 251
39 404
524 771
716 538
744 813
110 182
581 78
584 665
547 480
472 340
154 221
695 593
191 555
688 806
858 578
323 430
896 206
595 666
862 293
475 208
801 560
836 147
203 147
798 348
880 228
403 594
36 921
484 4
651 405
233 501
614 781
876 201
896 508
347 829
95 788
141 636
862 74
834 445
133 331
88 257
246 591
633 578
622 405
125 659
618 442
560 914
324 804
219 605
215 332
105 368
723 223
4 121
102 746
284 316
110 428
15 364
232 338
526 193
663 440
560 824
272 66
538 215
329 348
460 782
68 412
774 619
725 669
686 47
854 879
141 645
521 583
715 438
618 397
514 395
528 290
904 302
68 129
286 211
699 480
621 256
537 641
786 78
1 625
439 275
142 804
654 125
524 507
317 496
527 393
135 588
356 345
274 875
699 367
232 679
494 555
524 415
269 689
29 6
819 98
723 29
554 193
884 590
873 554
43 534
528 800
201 34
918 830
418 525
869 132
75 551
692 595
464 894
18 9
765 325
568 170
902 797
58 412
278 691
461 571
826 233
426 457
81 571
774 329
545 566
795 83
332 683
718 556
231 162
920 239
790 713
682 810
718 428
828 55
647 420
215 374
56 259
114 409
455 725
624 636
228 151
333 267
252 217
837 118
920 655
149 556
822 56
582 455
508 1
6 711
353 576
758 677
157 92
912 897
452 360
481 336
900 264
400 822
480 763
688 831
518 845
419 156
299 576
41 583
792 383
861 839
679 225
738 295
352 859
877 87
339 656
0 403
405 708
334 645
474 737
497 453
351 306
326 179
421 418
827 510
746 632
749 581
877 714
239 214
364 533
461 8
547 571
499 417
310 118
222 184
634 307
713 309
115 742
167 472
426 654
701 3
781 136
612 463
588 864
328 118
338 315
374 289
845 331
726 919
49 592
153 815
137 577
871 689
249 595
219 680
400 326
475 369
70 97
599 359
358 769
819 431
748 76
667 161
182 381
466 120
561 103
747 875
143 733
916 350
43 484
888 101
167 518
719 476
31 700
241 678
324 142
73 908
442 818
501 759
250 182
208 626
717 797
154 601
685 896
164 176
749 494
706 566
267 783
579 437
216 286
794 119
763 140
721 650
331 431
748 636
741 479
59 687
71 37
500 224
744 291
84 228
804 893
209 698
145 294
537 543
166 460
777 583
688 38
509 159
586 675
289 226
518 481
672 270
611 600
786 522
67 244
628 145
46 769
431 524
669 123
148 721
187 621
505 737
606 181
731 900
328 837
581 197
562 262
171 22
98 431
784 177
909 804
409 325
126 22
518 336
242 237
623 119
402 676
770 317
79 623
806 817
134 426
155 359
779 725
501 374
205 445
297 911
329 887
855 821
26 137
47 544
185 557
391 470
91 666
194 318
695 28
236 84
767 416
590 71
401 593
856 791
581 267
373 47
297 816
347 628
265 687
814 492
285 651
733 218
358 643
591 499
905 699
58 437
133 204
731 347
873 583
179 735
256 216
87 839
269 736
258 188
513 94
300 789
61 237
215 918
393 899
569 423
206 99
138 398
916 692
421 827
838 369
120 733
161 49
754 17
451 124
582 795
311 447
819 28
623 419
738 241
834 712
489 322
129 438
248 917
528 375
920 468
835 550
514 483
349 514
555 663
386 544
489 615
778 772
152 508
329 273
410 218
797 879
605 680
8 343
608 923
542 594
28 87
871 430
295 678
101 635
799 265
680 632
69 664
672 101
724 247
765 357
603 473
444 242
42 152
81 174
416 701
243 152
637 355
687 585
462 536
117 814
440 380
887 620
535 891
429 27
582 882
648 676
236 599
358 46
322 273
755 283
210 143
17 352
221 771
739 66
930 312
768 51
446 770
234 363
395 351
433 399
642 353
671 332
347 35
592 898
887 111
465 173
724 307
904 535
555 274
262 228
491 448
838 208
500 812
482 440
170 103
823 484
610 400
447 803
857 587
865 820
698 708
473 779
89 776
749 333
346 768
611 179
885 332
346 851
912 396
884 190
669 545
423 234
30 416
396 590
663 560
792 810
403 753
844 182
85 761
816 749
258 392
129 724
757 131
781 336
244 302
792 22
731 664
401 431
682 577
356 63
338 679
385 228
170 922
107 155
510 634
593 714
667 341
669 706
213 687
764 656
519 186
231 866
759 511
507 415
897 396
644 734
173 597
105 916
494 132
646 38
333 869
898 212
304 402
813 447
694 691
496 551
84 385
895 395
567 64
35 477
151 398
73 233
151 478
4 682
378 393
498 807
598 131
706 518
211 107
90 382
833 744
615 329
928 566
127 467
656 149
565 247
458 581
742 79
168 483
452 55
178 633
10 327
14 570
871 3
185 245
146 262
37 560
151 349
795 473
90 803
493 663
582 251
903 836
584 287
225 694
79 846
636 538
649 420
248 107
21 569
435 747
344 860
342 123
137 157
687 285
1 606
525 438
324 703
378 206
449 154
888 672
531 484
408 216
461 448
286 562
804 594
15 231
613 266
634 552
731 145
154 87
753 776
751 297
382 778
117 253
220 797
408 113
148 862
215 511
811 773
661 637
586 229
185 354
820 701
684 814
186 46
417 587
380 86
839 409
786 37
174 754
540 372
881 286
649 65
303 88
881 236
681 349
188 889
167 781
793 750
519 379
350 666
717 201
239 200
835 512
323 184
580 597
714 507
198 223
354 860
828 343
867 751
854 904
300 626
32 446
827 412
839 114
263 231
776 539
307 777
150 648
833 90
516 284
128 607
5 13
565 787
772 884
69 402
213 285
330 29
263 364
679 485
322 38
840 165
896 738
302 117
743 463
262 599
17 55
687 193
456 762
382 498
124 255
89 353
628 264
264 704
783 197
204 401
51 851
72 416
659 602
855 269
677 384
754 352
681 478
770 730
81 754
554 687
268 502
761 545
568 821
673 174
615 273
272 187
44 790
198 149
136 336
37 875
153 375
102 680
318 778
263 520
417 643
386 235
152 794
186 785
710 446
761 123
286 107
736 170
339 198
291 872
531 811
821 269
190 458
583 622
457 125
355 311
626 62
903 19
215 759
277 600
177 30
433 865
876 854
145 676
516 842
501 166
499 661
716 501
173 161
353 240
287 923
155 262
437 346
895 10
179 292
473 653
27 128
711 324
594 642
241 105
206 127
369 529
96 372
824 30
76 624
8 859
527 378
489 619
710 327
788 704
294 596
78 555
422 268
495 438
918 388
379 338
592 923
414 922
170 414
764 330
138 45
772 396
639 563
21 256
266 616
208 519
97 68
511 280
611 451
130 618
112 248
256 100
756 95
924 654
608 919
688 646
45 168
527 206
195 736
321 719
516 173
530 273
664 477
70 704
758 73
176 69
180 224
772 190
546 99
832 674
476 867
40 134
247 312
596 796
835 307
408 575
218 644
666 503
855 871
919 699
180 251
220 854
810 655
15 866
399 568
214 260
500 85
438 550
560 784
127 241
30 767
271 543
188 290
273 196
388 166
432 603
246 475
512 825
429 507
228 589
464 389
303 92
274 629
486 186
569 234
470 194
188 189
695 98
759 683
27 630
16 628
302 253
4 424
196 122
482 663
654 298
341 586
315 775
398 514
625 572
604 791
196 462
256 363
712 478
887 80
880 562
374 683
683 830
749 783
771 128
595 764
263 252
246 397
614 518
746 605
748 677
550 724
576 66
651 319
650 390
71 482
446 351
569 256
285 698
573 78
298 413
243 131
409 392
78 435
10 309
887 841
170 3
716 374
711 886
273 640
401 154
283 827
738 206
665 212
153 863
892 152
890 288
550 851
500 795
436 793
265 585
885 549
63 789
616 904
571 859
43 143
488 765
52 761
397 475
780 180
88 92
152 738
416 195
613 371
111 80
718 453
325 189
271 641
845 336
890 164
242 673
513 19
562 359
864 263
533 217
390 269
60 89
611 277
630 258
682 920
287 898
827 495
156 181
438 851
505 600
391 90
895 32
705 372
278 570
833 311
695 449
97 579
35 755
259 582
268 448
489 837
327 446
718 743
683 226
765 815
239 178
561 414
456 304
426 104
765 189
832 536
299 621
88 578
110 57
131 742
784 296
169 839
453 381
89 539
714 415
828 452
647 489
451 255
656 503
515 749
66 234
627 623
287 212
298 602
746 849
731 12
454 682
309 31
607 153
394 427
420 805
921 209
128 488
106 764
500 455
740 733
734 920
400 654
702 439
738 181
690 778
881 917
90 570
554 394
789 365
780 603
113 286
737 500
837 54
625 249
729 532
903 94
738 606
540 76
140 443
548 729
494 78
397 345
195 689
378 99
35 95
513 317
92 633
166 782
161 439
284 726
767 568
428 403
224 523
11 33
320 607
227 798
396 494
185 327
245 327
905 673
809 692
559 371
721 865
197 522
583 265
705 636
469 303
350 595
162 345
720 717
350 572
81 763
677 139
94 82
663 230
616 797
359 712
343 859
696 669
650 701
549 567
666 39
830 511
218 734
894 286
18 501
818 300
309 903
323 561
22 214
710 344
60 299
92 613
365 564
63 591
459 478
662 513
293 871
518 261
469 214
20 786
489 118
623 738
776 353
676 796
583 585
626 789
864 15
33 298
424 734
166 226
447 638
711 142
711 158
913 396
482 629
323 736
423 668
714 429
108 142
606 625
567 288
555 875
2 833
70 596
180 843
403 893
466 160
506 830
888 452
276 480
798 806
418 411
796 411
131 109
687 622
768 787
643 679
360 635
252 231
535 610
510 835
301 694
130 252
521 526
686 588
67 854
480 754
502 140
534 120
342 669
820 906
21 576
121 22
768 552
795 779
229 584
665 61
711 250
146 599
395 309
70 283
846 606
871 195
868 816
62 379
850 765
921 622
914 296
88 200
38 883
904 40
782 308
2 775
603 523
375 335
858 633
393 99
93 526
690 297
20 267
704 827
329 831
617 907
269 906
178 925
331 336
631 741
131 892
577 178
616 40
742 541
404 172
533 246
344 513
317 94
183 628
653 910
757 109
423 408
357 243
136 261
802 390
275 905
309 19
540 73
558 564
513 730
486 637
132 663
354 730
216 248
709 681
492 822
387 667
801 148
689 561
608 275
329 530
559 260
316 726
683 166
1 156
491 422
861 320
376 579
855 399
565 777
639 520
463 6
164 750
325 243
671 511
845 136
328 774
42 623
153 528
307 247
174 8
435 560
593 878
604 793
822 611
266 201
168 557
655 633
546 508
555 435
575 907
436 271
257 926
159 894
506 501
678 249
270 305
737 124
763 571
312 605
327 713
672 360
890 782
791 641
798 111
425 717
98 154
531 644
500 882
346 307
211 385
652 740
391 278
423 575
643 785
667 586
902 34
925 67
271 791
153 189
898 61
878 320
311 872
28 878
914 721
22 239
781 449
296 48
640 841
385 589
253 11
364 217
16 731
334 624
615 806
234 575
235 588
324 909
523 761
659 179
47 15
267 78
370 80
457 413
503 223
113 248
816 515
560 148
167 548
838 591
791 762
492 125
762 12
6 182
741 588
661 358
336 449
665 444
479 588
899 99
775 238
706 548
150 35
65 420
898 276
73 671
754 343
430 808
87 415
339 764
663 629
390 170
167 481
630 392
214 925
359 589
359 441
332 918
103 65
662 700
105 572
528 815
325 889
811 160
375 889
797 891
363 881
490 340
787 930
242 699
918 226
625 350
367 571
384 25
192 330
10 662
29 453
391 291
607 528
141 677
0 909
599 834
374 918
231 217
477 95
780 251
883 370
79 794
858 468
202 131
353 272
771 850
441 459
463 886
172 556
653 928
891 254
823 652
450 720
522 230
432 795
804 60
82 465
509 907
449 28
769 225
764 172
257 260
277 737
775 744
267 493
55 635
69 628
665 242
455 910
488 800
517 113
527 508
528 863
724 102
730 553
792 157
684 134
727 313
602 737
481 401
808 7
166 199
343 55
641 402
160 644
615 38
18 233
245 309
868 396
544 533
809 350
6 381
303 577
658 461
288 793
489 805
351 513
188 815
164 791
185 446
814 254
143 410
441 44
636 233
858 239
24 334
448 828
429 320
161 366
35 70
357 742
517 248
378 546
126 810
446 309
262 471
20 783
312 632
670 424
513 203
415 630
342 928
614 729
587 637
519 637
533 442
500 251
7 615
406 589
71 555
746 41
157 383
369 63
825 554
555 629
680 799
834 709
210 531
402 347
345 63
524 429
301 278
741 135
814 33
677 372
226 782
184 103
474 600
460 199
375 115
325 598
444 699
903 377
525 768
770 860
225 238
394 213
225 291
100 113
442 369
330 404
873 36
92 468
339 404
52 910
147 361
580 842
847 720
503 198
688 883
784 824
462 466
917 599
590 333
903 147
188 598
154 877
337 782
439 49
152 206
125 822
367 174
701 430
227 273
599 406
14 803
829 477
452 434
636 677
684 77
203 377
402 664
269 222
139 671
732 377
587 785
32 710
270 76
416 269
113 389
378 508
890 271
189 627
552 247
859 141
184 328
925 260
749 191
640 210
664 900
614 167
107 562
438 768
233 9
109 627
18 215
586 439
375 243
410 121
205 478
51 307
888 270
885 683
717 616
778 912
773 733
243 42
738 99
765 800
144 50
502 434
328 489
799 193
828 270
411 437
39 172
265 405
536 534
282 835
926 407
210 466
703 753
214 266
675 665
422 81
323 701
461 81
631 386
239 92
769 238
236 359
382 318
843 432
544 130
622 651
397 838
35 676
564 232
586 316
910 928
257 925
905 422
644 171
649 54
854 244
624 139
296 416
78 493
564 417
114 188
86 862
348 313
41 394
174 763
301 775
241 368
485 391
116 180
81 448
331 449
880 471
276 673
342 696
387 870
790 557
293 821
513 553
862 820
266 425
620 640
432 455
503 172
483 10
371 876
681 398
919 491
926 266
870 842
609 518
774 322
541 378
2 301
701 649
37 914
869 555
108 594
249 339
663 784
487 60
25 759
249 39
676 915
517 881
111 640
724 746
128 114
638 318
750 456
134 400
48 72
553 465
829 145
212 547
2 315
97 827
489 646
300 499
366 444
148 177
457 659
483 713
440 86
415 169
449 401
711 381
161 608
303 200
585 651
139 501
515 573
305 76
426 822
402 70
327 144
371 67
310 329
90 321
570 447
262 84
131 79
136 601
711 108
892 527
113 881
470 912
316 229
797 302
220 717
559 847
249 572
243 627
179 116
606 105
163 63
228 697
624 705
755 294
402 648
29 711
767 650
329 38
184 54
217 356
794 419
320 258
222 103
295 625
185 10
780 812
408 517
667 597
570 470
722 739
112 211
705 677
106 666
488 375
707 172
211 236
581 435
694 90
847 902
836 387
433 871
316 366
314 254
333 783
380 824
265 622
606 295
87 128
899 241
825 921
384 215
391 691
581 783
710 662
373 13
348 462
707 223
330 556
292 180
515 783
518 331
234 907
901 780
373 135
361 597
674 773
628 70
502 55
657 520
420 646
495 550
29 718
500 432
491 461
849 312
686 386
9 759
621 216
271 750
326 56
688 322
324 487
175 411
777 680
863 598
3 489
359 228
836 203
852 426
360 101
7 54
42 419
893 642
123 566
903 75
180 812
161 229
275 665
930 41
405 373
266 244
25 215
454 810
32 10
867 912
878 861
520 397
253 362
147 667
413 602
18 885
697 459
168 395
241 295
191 197
913 874
752 515
767 865
375 757
141 624
360 443
819 401
178 559
619 831
912 752
519 417
568 195
416 865
3 649
143 120
158 182
109 685
742 892
599 53
63 818
746 873
439 675
890 604
374 166
392 800
349 790
817 853
307 930
261 695
715 550
831 273
295 181
139 23
912 807
195 906
702 49
844 381
541 846
224 251
130 866
122 773
722 240
522 440
760 547
279 246
749 78
311 803
751 911
915 175
531 218
254 104
181 678
167 532
83 910
34 879
431 593
351 309
362 492
757 202
75 82
118 805
483 327
744 691
929 15
525 715
446 144
706 204
547 461
663 914
649 647
78 869
58 411
28 154
542 60
270 624
813 570
399 821
402 755
477 704
398 185
642 21
466 531
284 439
756 829
136 449
274 663
859 748
375 815
590 783
466 733
857 232
825 521
786 482
270 645
450 876
165 723
124 500
333 132
59 285
812 882
585 319
293 568
185 770
524 169
884 573
315 238
52 725
539 668
322 798
172 612
364 520
922 54
76 73
469 858
182 804
121 792
447 476
777 605
729 340
727 887
345 163
124 224
307 746
759 830
597 584
556 110
313 111
101 443
436 604
426 492
802 72
745 296
76 705
99 606
825 605
4 734
609 472
173 702
592 444
394 651
240 621
926 260
637 338
336 401
772 874
483 185
447 318
547 754
484 733
253 254
870 361
134 125
451 500
20 749
583 213
734 137
687 405
842 439
925 720
285 766
425 220
329 619
75 387
578 450
674 740
857 417
194 693
205 45
832 740
551 667
126 383
780 795
16 543
714 861
596 915
280 64
393 606
527 419
836 94
269 561
846 508
912 911
586 49
425 876
649 922
56 737
894 248
7 310
660 782
265 427
876 684
209 135
265 193
169 128
59 394
471 697
516 361
267 869
407 425
336 431
416 293
915 283
825 632
287 444
393 156
675 905
17 452
226 281
419 119
561 647
756 596
926 847
601 714
626 365
629 230
527 896
579 412
287 61
412 437
869 197
66 509
831 798
235 130
774 688
24 540
413 737
859 443
178 257
515 333
835 724
763 17
332 388
66 216
526 265
588 657
824 767
50 860
302 814
514 32
319 13
660 436
350 249
471 53
500 582
737 116
806 727
230 745
99 241
920 469
334 73
533 397
222 922
619 530
388 281
867 778
598 757
623 508
130 533
99 809
542 504
485 833
280 856
868 752
11 298
71 493
50 31
876 717
479 252
292 843
485 744
553 75
197 435
526 799
722 539
331 154
566 340
919 444
823 466
320 850
282 550
223 743
685 527
783 555
260 425
26 22
40 535
212 367
928 167
743 428
279 369
624 677
556 453
199 271
495 346
617 517
156 809
722 299
888 859
168 710
571 828
279 397
339 503
368 106
867 297
921 213
633 613
41 921
186 2
447 470
886 108
438 724
606 678
486 365
572 764
237 81
296 802
258 528
702 366
288 456
352 828
93 799
214 578
196 652
654 822
283 579
264 788
512 605
797 535
788 175
325 357
434 270
456 543
416 323
903 732
545 518
528 325
193 698
391 311
661 232
829 264
664 829
534 484
533 162
239 578
448 763
91 764
861 258
769 679
88 633
587 379
778 751
857 637
464 211
224 882
264 175
488 188
273 80
738 916
525 835
356 591
474 848
249 666
612 110
247 825
2 291
475 300
38 887
441 712
588 231
321 470
415 258
470 498
438 634
190 581
108 504
850 392
205 349
259 500
179 500
703 60
347 648
552 512
80 832
726 287
493 274
574 497
744 14
15 263
160 424
835 746
823 740
381 703
650 871
818 529
124 432
519 587
800 815
448 502
532 204
841 122
192 165
861 128
57 324
505 451
881 112
751 913
841 823
141 748
679 355
362 11
380 177
77 253
569 668
920 92
45 514
782 856
724 565
104 125
346 565
106 595
218 682
863 290
174 17
507 861
50 344
476 318
503 149
155 471
123 167
326 413
189 892
149 743
530 370
762 731
855 430
303 468
65 837
39 656
513 496
225 278
311 278
479 130
176 456
485 775
781 28
862 416
893 299
910 545
306 31
41 799
907 100
348 196
653 779
533 356
409 850
244 117
472 204
224 812
434 334
69 35
409 528
155 228
340 331
91 106
94 465
519 661
851 552
587 679
247 605
468 257
390 871
906 689
204 28
771 607
528 188
47 130
88 178
407 925
901 600
770 31
230 30
30 865
63 300
716 215
574 6
748 705
695 431
19 553
273 887
459 151
221 878
35 145
676 283
218 4
70 376
128 409
373 929
211 562
716 233
74 802
850 188
721 416
157 468
150 756
598 335
700 553
468 178
879 852
181 692
356 369
249 192
828 672
371 902
379 355
780 432
22 633
201 302
143 644
202 627
254 654
594 722
190 749
789 519
115 757
61 491
477 788
251 795
531 534
632 265
899 606
142 487
405 479
817 313
101 96
856 750
387 551
569 216
438 565
83 342
737 292
644 121
560 296
507 320
369 591
192 656
715 851
121 682
814 610
628 477
476 693
342 545
853 652
468 214
48 865
73 215
165 330
855 195
116 500
367 268
919 212
179 848
280 271
468 926
91 595
68 346
306 513
37 663
659 451
173 229
185 32
333 581
626 486
247 219
401 714
879 302
693 867
760 61
861 153
497 158
211 84
467 692
17 828
780 255
10 770
219 36
891 134
487 703
450 717
419 99
456 16
40 362
340 136
782 750
798 817
854 684
530 196
363 216
403 487
820 736
798 883
122 484
779 696
155 53
750 16
786 197
258 325
317 75
197 37
689 649
259 432
324 504
644 26
577 88
219 41
600 451
224 455
536 120
678 595
434 443
889 757
44 349
890 64
891 426
928 614
500 523
44 514
162 442
635 141
532 781
863 325
415 128
413 901
598 109
372 384
792 126
238 813
41 526
823 674
194 476
304 664
835 247
782 456
364 162
594 504
543 900
412 495
382 751
874 515
401 877
208 564
511 166
435 440
253 314
750 762
131 335
788 827
760 658
581 493
326 505
846 393
417 379
782 791
174 502
501 918
80 462
211 155
610 654
624 826
181 572
576 234
623 393
788 796
760 268
918 549
281 890
21 272
490 532
712 45
300 486
752 884
855 701
909 403
14 90
317 732
37 482
483 395
267 132
350 91
457 326
319 766
338 225
827 437
924 104
223 612
49 275
117 535
175 437
227 370
467 572
182 594
630 488
143 4
679 833
456 641
192 39
885 374
283 97
631 13
734 682
396 267
664 755
62 637
545 133
927 722
503 556
640 536
893 739
807 297
457 901
121 454
830 289
19 551
524 87
917 146
850 488
871 906
309 344
660 890
66 256
217 163
419 127
3 647
81 502
773 4
520 618
181 809
371 425
28 429
37 801
651 741
196 640
314 654
507 27
457 56
825 93
281 64
710 50
765 598
71 869
679 391
394 265
297 752
809 249
348 80
284 586
266 847
679 291
870 173
37 629
361 842
540 645
53 228
191 71
591 519
422 547
70 175
659 259
653 761
635 748
713 144
251 812
717 535
557 10
376 68
188 375
837 688
184 65
363 113
678 692
815 742
278 90
60 776
922 328
131 623
715 307
12 900
176 150
491 480
922 489
506 918
36 632
355 813
545 472
203 82
325 335
293 390
663 296
523 52
309 203
356 838
564 358
576 423
105 678
25 501
157 214
755 596
63 529
387 82
236 385
442 475
733 454
149 110
347 900
715 552
653 545
275 919
241 625
371 717
602 600
916 249
698 766
191 869
367 547
326 737
699 547
209 319
360 270
692 91
676 704
681 483
411 346
812 83
40 77
87 630
577 926
678 572
927 739
177 48
1 241
495 835
792 920
354 306
549 281
156 295
859 645
703 722
444 760
657 263
305 645
101 334
400 474
604 762
425 854
924 822
545 928
599 385
190 333
439 366
648 829
620 823
15 533
37 522
909 142
577 257
894 211
671 388
759 549
42 378
656 223
354 344
467 368
148 824
484 773
245 395
366 923
896 546
392 889
705 139
121 171
929 864
878 415
796 579
229 675
316 584
784 862
502 360
267 786
427 13
711 844
124 251
597 366
270 24
525 724
900 755
691 803
246 356
408 894
496 82
833 278
94 147
610 298
138 478
10 50
775 291
254 924
753 739
645 624
33 400
918 289
209 5
1 678
879 684
509 113
114 325
339 666
424 26
739 21
382 693
26 577
43 160
234 256
41 213
443 305
514 144
675 592
720 902
343 672
0 142
69 294
34 535
393 241
699 673
764 707
685 152
306 700
418 510
823 210
785 301
333 493
53 697
724 873
635 270
590 581
127 105
929 657
812 795
421 68
886 182
405 47
740 773
42 846
692 368
898 237
635 540
239 633
98 221
35 294
129 307
720 854
774 615
132 482
552 930
586 584
732 551
361 173
202 243
564 46
509 517
118 322
681 185
649 7
798 727
489 420
448 343
83 52
398 245
60 739
925 902
631 686
634 51
603 795
638 297
318 867
299 89
638 912
842 597
152 119
263 639
921 394
381 504
209 766
307 102
869 747
232 2
879 117
767 390
865 650
839 320
269 3
591 208
637 238
142 722
124 116
393 467
780 116
742 627
491 547
397 163
237 268
390 399
788 376
289 567
832 534
421 412
360 141
564 379
877 593
235 263
627 152
741 708
800 375
217 246
470 719
64 271
748 384
431 714
302 535
736 3
146 53
82 361
486 232
268 352
301 14
380 784
8 672
165 503
421 704
319 405
458 515
475 818
621 159
156 105
292 500
276 461
479 657
319 373
279 529
787 219
807 913
78 747
153 188
188 357
804 504
501 337
4 792
578 407
533 345
722 576
833 694
902 67
46 643
256 881
808 837
136 695
580 173
573 191
546 127
487 642
242 905
680 59
80 640
718 574
674 733
381 324
861 607
19 465
371 720
588 866
673 547
28 714
344 730
650 269
543 756
185 144
744 391
677 233
264 596
649 808
738 467
259 251
575 100
505 292
482 380
869 435
383 920
394 631
380 745
849 777
321 447
455 653
792 303
581 786
263 866
110 158
189 243
724 849
844 909
539 509
68 525
51 746
722 187
97 412
573 333
765 290
381 108
707 718
346 438
496 19
281 660
61 422
374 830
93 394
788 579
214 371
260 717
574 743
772 515
540 334
144 309
142 594
146 471
737 255
573 783
783 493
447 693
531 733
162 279
653 52
143 121
101 141
136 28
474 901
479 929
748 372
833 691
832 531
268 174
27 320
676 596
508 606
304 347
145 264
429 415
3 837
36 41
58 510
394 209
511 660
417 46
226 288
33 492
568 871
388 460
822 413
149 497
827 411
798 273
404 728
630 128
105 809
339 330
671 506
775 813
498 778
128 765
698 631
881 248
686 929
921 687
735 259
74 390
189 109
97 411
217 279
871 736
31 730
457 822
307 565
278 194
128 850
543 731
810 383
536 674
48 650
466 534
757 627
650 568
731 402
73 826
271 762
424 157
155 146
439 665
824 74
13 588
164 641
31 75
857 643
233 506
432 882
770 700
728 223
27 861
323 689
27 114
442 208
621 617
597 161
700 496
326 451
475 591
425 720
667 316
618 475
805 322
631 5
213 193
16 402
846 419
523 669
699 174
689 647
585 209
839 258
444 673
206 899
866 279
460 280
142 893
372 18
482 230
390 195
194 778
151 168
102 605
405 766
99 350
628 829
510 129
139 506
659 413
425 67
257 407
248 146
767 871
771 169
3 310
108 487
562 236
112 880
511 549
444 61
161 316
434 24
260 847
88 214
428 909
47 588
363 100
658 174
83 725
408 286
112 917
899 156
74 433
326 277
605 583
649 774
582 779
178 613
394 585
659 735
333 494
502 452
693 912
378 738
891 11
332 289
151 44
814 362
660 280
329 883
721 390
131 627
288 176
390 906
269 103
159 464
132 555
100 917
86 148
514 245
572 192
363 159
270 748
872 803
335 79
272 234
816 396
334 372
828 635
577 468
96 76
288 791
316 49
547 448
85 779
390 430
294 95
705 826
785 833
566 472
821 222
34 302
241 91
283 704
551 516
640 462
158 324
781 695
608 444
84 406
506 683
473 523
316 608
159 100
767 821
357 202
545 490
556 743
455 795
112 236
545 123
10 245
238 278
492 457
855 170
59 265
423 907
519 558
283 796
121 126
694 321
914 177
647 774
0 804
491 754
328 420
757 892
540 636
429 861
299 776
80 536
190 590
40 253
556 428
367 8
36 521
759 289
176 731
499 232
454 126
299 739
84 589
625 809
195 170
455 779
624 384
95 704
30 48
204 336
399 222
463 453
600 116
871 323
498 911
789 857
571 888
703 299
733 424
618 162
743 381
205 681
577 655
199 793
756 477
712 151
837 646
511 337
60 722
437 835
60 753
348 111
696 928
190 267
711 542
61 699
614 472
255 180
870 580
145 755
915 704
882 83
202 109
377 465
751 816
509 408
136 401
221 861
658 754
451 180
28 877
141 76
93 554
749 590
365 587
490 706
245 144
279 63
389 917
8 360
305 677
416 568
266 67
810 577
93 687
199 288
901 505
135 708
39 723
94 551
81 352
916 91
783 435
337 567
876 904
91 572
44 168
861 169
917 562
362 134
177 416
193 209
492 474
34 244
391 813
759 918
131 527
239 257
553 732
901 255
12 183
522 629
733 670
79 527
142 207
78 482
266 34
468 578
897 884
478 514
695 714
354 317
753 21
122 740
528 598
894 113
82 173
497 463
69 145
301 238
693 638
386 657
431 221
114 153
315 485
866 162
261 98
803 693
233 23
621 423
857 379
376 411
220 904
116 224
696 910
404 556
80 823
708 263
835 849
663 177
657 639
355 775
421 376
577 633
467 91
909 504
408 617
63 208
203 75
115 79
703 893
672 859
16 150
794 846
176 12
295 105
418 412
822 659
562 599
702 608
539 569
268 81
25 506
387 516
472 845
82 870
536 652
142 504
769 355
427 766
471 709
404 149
746 312
859 360
778 752
12 69
573 267
902 717
570 719
540 624
769 2
497 110
318 912
927 776
473 696
617 112
448 17
783 482
772 458
632 213
803 318
101 540
529 519
550 768
231 639
96 73
130 231
512 873
143 484
807 911
470 690
430 414
199 782
218 171
183 756
258 488
863 375
273 313
530 80
383 88
678 350
121 157
563 533
492 654
373 588
850 153
428 158
294 915
854 717
502 888
614 133
471 834
396 749
621 509
467 106
110 6
387 341
426 33
398 710
176 304
251 83
409 765
437 715
874 752
530 111
375 598
166 549
596 97
724 552
728 718
312 521
382 638
222 3
283 788
872 321
450 847
2 225
255 116
585 622
201 797
254 298
501 549
303 655
795 85
911 874
147 842
130 639
457 277
758 384
564 661
757 742
428 381
684 535
726 275
39 330
133 532
711 0
723 743
310 619
9 830
415 861
704 411
612 711
439 584
768 247
77 254
837 774
370 817
237 422
145 70
83 761
451 116
576 569
511 289
255 843
688 619
203 387
44 398
319 5
724 777
820 269
481 819
535 77
650 195
753 576
502 859
810 137
621 408
271 856
11 924
157 88
550 512
631 766
557 32
765 889
151 138
685 79
357 131
782 271
716 18
923 905
257 450
108 0
16 12
574 110
374 388
324 60
730 700
874 396
763 672
639 162
600 780
292 251
358 637
463 57
659 737
601 878
589 697
736 103
617 575
470 867
686 479
796 418
766 13
119 127
547 81
504 60
464 881
661 587
2 679
407 450
176 537
459 138
288 537
135 686
720 876
190 573
182 909
362 254
559 720
816 458
590 78
856 762
639 364
572 339
327 351
710 713
727 80
741 386
302 891
736 689
120 484
497 428
841 674
833 291
175 796
611 735
208 789
836 75
415 409
732 465
719 194
195 701
512 930
66 408
160 734
89 187
196 832
564 643
583 59
906 808
184 649
68 437
666 707
54 420
278 470
422 448
148 745
592 212
914 745
211 262
872 570
517 389
304 69
611 413
226 660
756 145
581 132
642 739
112 286
876 302
916 572
541 794
729 331
558 417
692 249
872 194
790 710
543 648
882 761
687 319
111 841
222 649
52 342
556 711
118 619
591 789
255 500
324 542
791 176
848 259
264 915
605 36
614 340
429 839
515 581
588 130
683 549
666 330
31 513
636 372
38 348
171 383
367 461
202 742
444 237
546 899
302 610
136 98
625 368
312 36
548 340
778 911
403 804
350 840
722 207
228 712
364 246
95 596
215 885
433 195
208 300
530 883
718 711
340 204
874 749
114 863
378 846
259 780
615 688
864 639
413 505
733 410
471 406
427 631
543 402
779 609
299 353
104 659
806 348
721 433
847 67
581 869
818 519
38 727
149 574
