99 117 944
91 200
78 187
75 190
81 203
27 128
42 150
66 179
7 104
8 99
83 203
44 147
48 154
21 114
60 165
75 184
15 114
27 124
67 174
83 197
51 162
18 115
38 139
63 179
33 134
51 165
19 120
19 114
87 201
16 111
45 155
74 182
40 142
87 197
98 214
90 193
59 165
52 158
9 110
80 192
29 124
48 148
98 215
52 165
68 171
75 186
81 194
64 171
61 172
91 196
57 164
5 100
7 101
5 107
26 122
68 174
74 189
24 124
37 136
29 131
92 210
80 194
53 163
44 153
94 209
20 121
50 147
4 104
95 213
22 112
28 132
86 200
27 132
98 207
5 104
88 200
52 164
29 128
48 153
62 177
66 170
43 153
4 99
27 129
5 108
24 130
40 135
4 109
90 203
14 120
81 201
19 115
63 175
35 142
58 164
83 201
54 160
24 126
3 103
96 215
22 111
15 111
10 101
0 99
95 214
38 145
4 105
60 167
59 166
89 196
6 102
86 196
45 149
88 203
18 117
98 208
4 100
52 160
13 119
35 137
68 173
5 101
32 140
9 103
9 105
3 101
50 157
32 144
46 156
20 115
57 158
22 117
93 215
98 212
89 197
63 171
31 129
9 104
53 160
88 192
59 159
89 198
93 207
51 159
16 120
50 149
24 125
61 177
18 116
36 142
50 150
90 199
20 111
0 105
29 126
25 129
38 138
35 141
83 202
11 100
58 162
77 191
32 138
45 154
73 180
30 132
70 180
36 134
97 213
56 165
8 107
94 210
63 174
71 180
92 211
11 110
71 182
76 181
73 189
96 212
49 147
84 201
86 201
69 175
43 148
30 128
29 127
17 119
42 148
67 179
81 198
81 192
73 183
6 106
30 127
84 194
16 116
81 196
17 111
77 188
19 119
85 203
65 174
61 173
56 164
41 143
59 168
89 200
67 175
72 187
19 112
34 136
9 108
10 100
14 118
36 141
89 199
94 206
97 207
73 187
47 146
28 128
93 208
26 126
72 189
74 184
95 206
44 148
40 144
97 209
73 188
41 138
80 202
64 178
54 168
76 182
60 159
54 159
21 120
56 162
53 162
85 202
58 161
72 190
74 180
3 108
43 157
75 189
79 184
54 169
9 109
85 198
62 176
42 146
83 192
57 167
85 197
56 163
12 113
96 206
42 156
21 119
37 139
40 136
57 162
1 99
24 133
73 184
21 113
4 108
69 177
39 135
55 165
61 174
28 123
20 120
70 188
43 150
8 105
28 124
56 168
53 159
76 189
68 175
84 203
32 134
62 179
46 151
32 137
71 189
15 119
19 116
77 185
76 186
54 167
91 199
35 136
62 173
22 119
43 147
81 193
96 209
38 136
4 110
78 186
52 162
82 199
63 176
54 161
77 184
25 123
69 176
87 200
33 143
44 155
97 206
77 190
35 139
93 211
21 112
28 122
95 209
88 201
59 163
70 183
28 131
22 114
44 146
96 207
88 198
41 137
73 185
44 149
23 124
29 130
39 139
40 139
72 182
39 144
9 107
76 180
1 106
45 148
23 126
1 110
14 119
97 215
57 163
87 202
93 213
28 126
36 137
45 152
46 152
39 142
28 127
34 145
23 129
28 130
76 184
31 133
35 138
92 208
42 154
92 209
73 182
17 118
54 166
56 160
77 189
41 144
95 204
1 101
89 201
33 135
98 205
0 101
42 152
1 108
22 121
76 191
27 131
10 102
85 199
66 176
3 110
7 108
61 178
17 120
32 136
47 157
72 186
53 164
48 149
22 120
89 193
5 110
43 155
35 145
86 198
84 199
47 150
13 113
61 171
71 187
96 214
54 165
79 191
42 149
4 102
54 164
37 144
7 103
13 114
4 106
6 101
70 184
86 194
7 99
0 100
87 194
9 100
81 199
38 135
58 167
45 150
2 105
14 116
66 173
37 140
34 138
40 140
26 124
89 195
58 159
47 156
54 158
17 112
23 123
34 135
97 205
93 212
91 193
86 199
10 108
71 184
98 213
72 183
23 130
36 138
91 201
26 130
52 161
58 160
49 151
55 161
89 203
48 157
36 145
46 146
2 102
18 121
31 132
70 181
65 173
59 164
54 162
76 188
24 122
30 131
26 133
64 174
27 127
40 143
34 143
75 182
19 117
96 213
59 169
16 115
94 208
39 145
82 200
64 177
19 121
46 154
53 165
13 116
43 152
9 106
0 102
0 106
88 194
69 172
80 195
30 133
11 106
72 181
37 142
58 168
77 183
61 175
87 196
43 154
5 103
66 172
92 207
92 206
61 170
97 214
85 194
58 163
24 129
16 114
90 201
85 196
17 121
57 166
44 152
71 181
1 107
3 102
21 118
0 109
84 195
47 148
2 100
67 177
48 152
6 103
78 183
67 172
53 169
75 187
31 130
36 143
20 113
93 206
85 200
17 113
52 159
58 169
31 126
68 179
43 149
88 202
11 103
95 210
12 112
33 140
97 210
90 198
20 114
29 129
55 169
16 119
37 143
5 109
79 181
83 194
16 121
70 182
48 151
2 108
70 190
96 205
76 190
10 104
95 215
79 190
37 141
77 182
32 142
78 190
13 111
49 152
81 195
63 172
30 130
13 115
74 186
77 181
18 113
10 110
34 134
49 148
18 118
5 99
34 137
67 171
82 201
62 175
44 151
21 117
78 189
63 170
5 105
15 113
78 191
47 152
73 190
98 211
35 134
92 204
46 153
8 100
47 147
22 118
82 198
80 193
15 115
48 155
55 158
76 185
83 196
25 127
26 128
69 179
38 140
38 142
6 110
50 155
53 167
66 178
42 147
78 182
50 154
90 200
59 167
84 192
39 143
21 121
95 212
50 156
84 202
14 111
95 205
48 150
3 104
33 138
21 116
64 179
31 125
93 210
1 102
94 214
23 125
72 180
88 193
72 191
24 131
18 111
1 105
66 174
71 186
90 194
4 101
90 197
22 116
20 119
15 117
7 105
77 186
51 166
56 167
30 124
8 110
79 183
31 123
35 135
10 107
9 102
34 141
41 145
12 116
60 161
84 196
71 188
84 197
86 192
6 105
11 102
51 158
13 120
40 137
13 112
97 212
62 172
66 177
69 171
33 136
82 193
67 173
39 137
90 195
65 170
25 132
55 164
14 113
85 201
41 141
80 200
25 122
68 178
51 160
13 118
54 163
85 195
18 114
18 112
44 150
49 149
93 204
65 177
43 146
80 199
60 162
20 117
89 202
77 187
21 115
74 187
17 116
40 145
26 125
92 214
15 121
60 169
96 210
33 142
90 202
84 198
49 156
55 162
11 108
94 211
8 101
34 139
82 194
49 157
51 164
89 194
74 188
46 155
32 141
35 144
49 153
15 118
29 132
91 203
86 195
5 106
8 103
88 197
40 141
52 166
25 126
27 130
92 215
10 106
12 118
65 178
96 211
14 114
96 208
16 112
55 160
25 128
64 172
72 185
35 143
7 109
29 123
14 112
39 140
25 131
91 195
55 167
47 154
65 175
75 188
75 180
16 118
46 150
46 148
85 193
68 177
0 103
23 132
64 176
36 136
87 199
62 171
55 166
57 159
25 124
71 191
83 200
44 156
44 157
2 107
45 146
65 176
73 186
71 183
16 113
6 108
59 160
33 145
49 155
2 101
10 109
64 170
0 107
6 107
62 170
37 138
70 187
30 123
27 122
53 158
8 108
24 128
8 109
92 213
63 178
3 100
83 193
24 123
57 168
30 129
26 131
57 169
38 144
59 161
97 211
23 122
73 191
79 187
18 120
45 153
30 125
8 104
29 133
3 99
25 133
1 103
11 109
60 168
45 157
87 192
87 198
94 204
78 188
6 99
80 198
78 185
7 106
39 138
52 169
25 125
50 153
38 143
16 117
38 134
81 200
69 178
74 183
23 128
51 168
48 147
17 114
31 131
3 109
41 135
12 119
61 176
33 137
53 161
39 141
5 102
73 181
86 203
74 191
94 213
33 141
88 196
34 140
1 100
17 117
56 158
47 155
52 167
57 160
75 185
91 202
27 126
67 176
9 101
19 111
95 208
56 166
83 195
92 205
28 133
39 136
48 156
60 166
67 178
37 134
65 179
47 151
29 125
36 140
42 153
79 189
85 192
80 196
51 161
58 165
7 107
79 188
41 142
82 195
58 166
4 103
65 172
49 154
32 135
11 107
78 181
3 107
17 115
12 114
53 168
2 106
34 144
26 129
72 184
10 105
94 212
35 140
84 193
18 119
70 186
