70 55 572
28 96
26 87
46 104
22 87
47 99
53 100
1 71
35 100
10 76
63 124
12 74
39 99
15 76
17 82
10 83
28 98
30 88
46 107
40 102
30 97
63 119
35 106
11 79
6 70
4 76
69 116
68 124
49 100
20 87
64 120
20 85
37 104
3 76
30 93
42 105
29 92
3 71
33 88
23 89
20 96
43 105
13 82
68 113
38 101
10 80
14 70
47 111
13 78
34 88
55 114
27 93
5 72
38 104
6 71
27 95
67 120
39 107
5 79
61 118
22 85
24 96
21 94
56 113
4 83
19 84
66 119
26 86
69 114
19 96
63 115
48 110
2 73
62 118
29 98
42 100
29 95
50 100
22 94
1 78
59 118
65 116
49 103
23 90
65 122
56 116
54 110
57 121
5 83
40 111
57 117
64 113
15 82
48 106
44 108
28 89
21 84
31 89
1 81
26 96
21 95
25 95
17 75
16 83
29 86
48 101
5 80
36 102
64 122
5 77
27 97
18 82
23 95
13 75
39 103
55 122
51 105
13 72
65 118
61 119
11 78
7 76
17 81
44 105
6 77
60 122
27 92
2 78
49 102
57 123
20 89
12 83
9 78
64 121
60 116
8 74
57 112
45 106
56 112
41 102
28 92
37 99
56 122
24 88
15 83
58 113
10 71
61 114
65 114
7 72
28 95
45 100
7 78
15 70
5 70
42 104
43 106
45 109
14 80
64 117
7 82
0 73
32 91
58 120
0 74
52 105
4 73
4 70
56 121
11 75
25 89
39 101
23 86
68 123
10 77
63 120
19 92
10 74
27 87
48 108
43 99
47 109
5 71
13 70
5 75
18 83
66 113
54 103
21 87
40 104
0 75
33 86
50 102
13 73
16 76
52 99
24 91
32 97
38 106
9 70
54 102
42 106
25 98
5 78
50 104
51 104
14 74
7 80
42 110
1 73
59 117
16 81
12 75
12 79
31 92
32 85
9 83
32 92
51 102
67 122
13 77
24 92
59 112
41 99
8 83
51 108
68 112
26 93
1 72
1 77
40 100
33 94
32 98
25 85
11 72
26 89
59 113
24 97
60 114
16 80
12 81
8 72
37 110
0 77
37 102
4 78
42 101
58 121
28 88
31 94
24 85
37 108
50 103
40 107
44 103
68 121
32 87
2 72
58 114
44 106
24 95
30 96
52 103
38 109
9 81
68 117
52 111
62 114
43 108
38 108
49 107
36 103
53 108
15 75
3 74
58 117
21 89
67 116
44 107
7 70
13 81
35 99
20 88
11 82
41 105
61 123
8 79
31 90
45 111
27 89
63 112
69 119
25 92
30 92
34 92
7 83
5 82
2 80
44 102
18 78
44 99
20 93
67 112
33 97
10 82
67 124
4 79
45 105
28 86
64 114
6 81
21 86
47 105
54 111
47 108
24 93
69 123
65 121
34 96
6 79
15 81
52 108
52 102
59 121
47 106
50 111
28 84
58 122
62 120
16 74
66 121
62 116
55 119
62 112
61 113
48 100
49 111
38 103
11 73
39 102
21 96
1 79
17 71
58 112
9 75
11 77
33 95
54 104
52 109
27 88
46 102
16 75
18 80
34 98
3 79
36 109
22 92
2 74
63 121
3 82
65 124
42 107
43 107
36 106
26 90
0 70
21 90
62 121
23 92
60 118
55 113
50 107
50 110
69 117
19 91
55 118
21 98
32 95
40 108
11 74
56 117
30 94
37 100
23 87
60 115
29 88
8 75
27 91
31 98
16 82
41 101
62 123
55 112
50 101
17 83
46 110
22 91
24 87
38 99
48 107
56 119
46 109
63 116
69 124
27 94
18 74
25 94
35 109
45 99
52 107
19 86
60 112
13 76
23 84
10 73
66 120
14 73
6 83
22 89
31 93
47 103
60 124
3 78
67 118
46 100
8 81
60 117
41 104
54 101
27 85
62 119
2 81
8 73
20 90
23 91
53 110
39 109
22 90
14 76
59 115
56 115
41 103
46 108
53 111
0 80
16 70
6 80
59 124
58 119
51 107
31 97
1 70
14 83
29 87
14 78
41 107
26 95
4 77
24 84
4 82
67 121
66 123
63 118
57 118
2 75
5 74
38 100
60 120
51 109
6 73
17 79
26 91
21 88
69 121
64 123
65 112
29 90
0 71
49 101
41 109
57 115
37 105
14 79
39 108
29 97
58 116
43 110
22 96
30 84
20 84
7 73
28 97
8 77
0 79
36 100
67 115
53 104
36 99
64 115
13 83
29 93
17 77
43 103
4 74
18 75
61 120
30 87
41 111
14 82
50 106
54 106
7 75
40 99
12 70
36 108
30 98
66 114
12 76
13 80
49 110
69 115
9 73
35 107
28 90
32 89
54 108
61 117
38 107
25 86
49 104
32 94
19 89
57 113
23 96
44 111
17 78
35 105
46 101
53 99
50 109
47 101
9 79
15 73
33 92
20 95
51 103
34 89
4 71
36 104
9 71
12 77
34 97
30 90
40 105
65 119
19 85
31 87
55 120
3 73
49 106
31 88
11 83
33 93
35 101
49 109
24 90
6 75
43 101
34 94
25 88
59 120
9 82
23 98
