133 141 940
117 253
12 144
110 246
94 238
111 249
130 270
40 177
26 169
19 155
40 180
94 232
41 180
56 195
115 258
87 230
22 159
15 149
2 138
34 172
75 212
0 140
66 205
14 150
37 173
10 141
94 231
88 226
84 224
27 164
58 197
104 243
79 221
116 253
89 225
127 273
68 206
15 151
94 237
27 168
11 145
129 267
105 241
52 190
59 202
20 159
74 215
67 206
129 270
81 219
71 215
61 199
61 200
129 272
46 183
86 228
92 237
1 137
52 192
60 197
57 189
102 244
4 139
8 142
15 153
74 217
43 178
45 187
131 270
125 264
76 217
92 231
51 194
98 237
18 152
81 218
126 259
107 246
70 206
28 163
84 222
108 251
77 214
108 245
16 151
44 177
86 227
95 235
126 262
7 143
27 163
20 155
77 210
42 181
46 185
30 167
121 262
0 135
32 163
11 144
56 192
1 134
92 238
65 209
122 259
93 233
19 157
69 207
54 196
25 161
109 248
44 181
114 253
6 140
10 143
106 243
96 231
128 270
82 220
132 269
66 206
41 176
117 258
49 184
51 190
117 255
32 168
16 152
131 266
25 155
90 225
17 149
86 225
30 165
29 165
54 190
110 248
66 207
74 210
128 273
62 202
123 261
111 251
18 153
12 143
43 179
84 221
129 268
33 172
93 238
67 208
79 219
8 146
51 189
9 144
100 239
30 164
112 248
129 271
2 139
4 138
76 214
107 249
72 210
55 191
79 222
103 244
97 235
23 155
71 217
116 254
11 143
91 229
104 242
128 269
73 217
96 236
82 219
6 134
113 251
47 185
74 214
82 224
12 145
85 228
100 242
39 177
48 187
52 194
38 170
131 271
54 192
4 134
5 136
19 158
63 203
121 259
104 239
64 201
5 134
113 248
97 234
108 248
10 146
25 154
65 204
17 151
80 218
32 162
93 235
101 239
50 186
110 251
78 218
118 254
18 149
42 182
124 260
30 168
25 158
114 257
89 226
131 268
4 133
56 191
50 187
26 166
90 229
93 232
120 253
39 179
0 139
105 240
16 153
99 239
130 266
49 187
72 214
35 173
40 181
20 156
31 162
6 135
17 148
15 152
95 236
9 141
44 178
132 272
39 176
52 189
60 202
29 166
27 167
103 241
98 232
40 176
79 220
53 196
26 164
73 210
9 142
47 188
40 178
53 194
120 255
97 233
88 227
62 200
76 216
76 212
60 200
68 208
52 195
33 173
82 222
64 197
111 245
34 170
130 273
91 230
122 263
120 256
71 214
74 212
126 264
13 149
75 213
112 250
92 232
13 148
24 160
64 203
76 210
0 136
38 171
56 189
18 150
127 266
42 176
43 180
108 246
23 160
4 136
119 258
100 241
119 257
65 207
4 137
115 253
47 186
97 238
116 256
97 232
58 202
82 223
110 247
127 267
132 271
117 254
125 260
94 233
37 174
41 177
83 223
26 168
8 141
80 224
19 160
117 257
54 189
49 183
85 226
107 252
83 221
118 253
89 227
34 173
77 217
129 273
7 145
28 167
64 200
121 260
48 188
21 154
110 249
63 199
124 261
5 139
19 154
91 227
19 161
26 165
109 251
72 211
63 201
20 158
70 209
22 160
127 271
70 208
112 252
48 184
97 237
31 167
32 167
42 180
52 196
45 186
64 199
57 194
42 179
22 155
107 247
110 252
84 219
21 156
1 140
79 223
75 217
43 176
104 240
103 242
64 198
123 262
28 166
61 203
31 166
96 237
104 244
57 191
44 179
81 223
31 164
130 269
70 207
55 195
92 233
6 139
41 178
58 201
120 258
114 254
105 239
24 159
114 258
99 242
122 261
100 243
56 196
17 147
25 160
23 159
101 243
3 140
43 181
37 171
18 148
121 265
43 177
58 200
7 141
78 222
21 155
36 170
102 240
54 194
1 136
0 137
46 186
6 137
23 157
51 192
112 247
97 231
23 161
63 197
39 180
119 256
44 176
3 134
8 145
81 224
32 169
13 152
131 273
25 159
24 158
25 156
19 156
95 237
95 233
33 171
130 268
29 169
114 256
91 228
73 213
4 140
41 181
109 247
74 213
113 250
128 266
9 145
83 218
22 157
54 191
128 268
96 233
72 213
73 216
63 202
29 167
62 197
61 197
123 264
94 236
20 160
17 153
127 268
13 153
1 138
22 156
91 225
17 152
132 268
35 174
97 236
67 207
40 179
108 250
48 183
96 234
13 150
15 148
119 255
107 250
109 245
104 241
78 220
53 190
120 254
36 174
78 219
53 192
77 211
39 182
108 247
129 266
1 139
45 183
28 165
38 173
107 251
115 255
120 257
27 169
80 222
2 134
35 175
113 252
123 263
28 168
98 233
75 214
74 211
73 211
109 252
105 242
3 133
79 224
18 151
59 200
105 244
9 143
121 264
24 156
78 221
28 164
60 198
62 201
3 139
92 234
88 229
53 193
93 236
8 143
56 194
80 223
71 211
111 252
76 215
48 185
128 271
2 133
118 255
75 211
77 212
96 232
125 262
95 238
46 187
72 217
121 261
101 240
116 258
59 197
14 149
12 142
24 161
57 192
103 243
16 150
108 252
48 186
49 188
30 169
61 201
118 258
55 196
106 242
77 215
31 169
7 142
85 229
4 135
85 225
37 175
125 259
85 230
22 161
100 244
124 265
87 229
87 226
18 147
106 244
130 271
69 208
26 162
57 195
29 163
108 249
67 205
44 180
35 171
99 244
78 224
34 174
87 227
73 212
80 220
106 240
5 137
22 158
113 245
58 198
126 260
86 229
65 205
45 184
126 261
99 241
39 178
109 249
89 230
84 220
125 265
21 160
102 241
61 198
71 216
11 142
5 138
131 272
75 216
69 205
21 157
41 179
54 193
39 181
98 238
84 223
96 238
90 227
109 246
33 170
57 193
23 158
53 189
5 140
56 193
131 269
122 264
29 162
81 220
35 170
30 166
117 256
43 182
0 138
15 150
50 183
47 183
118 256
24 155
72 215
72 216
38 172
36 172
22 154
14 151
80 219
90 226
127 269
37 172
129 269
27 162
125 263
59 198
7 146
27 166
65 206
119 254
83 220
62 198
115 254
64 202
28 169
119 253
55 192
124 259
84 218
8 144
111 247
14 152
2 135
46 184
50 188
36 173
24 157
128 267
132 266
63 200
110 245
38 174
126 265
34 171
40 182
70 205
92 235
6 133
86 230
21 159
2 140
33 174
88 228
74 216
7 144
103 239
106 241
3 138
25 157
102 242
0 133
112 245
31 168
42 177
26 163
59 201
115 256
54 195
132 273
36 175
58 203
13 147
68 207
49 185
70 204
12 141
51 195
2 137
60 199
87 228
91 226
3 137
86 226
10 144
37 170
111 246
102 239
31 163
6 136
73 214
28 162
55 194
95 232
32 166
52 193
94 235
112 246
0 134
11 146
65 208
55 193
67 209
68 204
132 267
82 221
100 240
113 246
93 237
130 272
24 154
89 229
45 188
131 267
10 142
77 216
75 210
21 158
88 230
92 236
83 222
68 209
57 196
47 184
123 265
98 231
31 165
101 241
66 208
112 251
93 234
123 259
75 215
85 227
53 191
93 231
99 243
55 189
60 201
14 147
44 182
124 263
113 249
78 223
80 221
10 145
127 272
5 133
56 190
72 212
122 260
14 153
30 162
124 264
83 219
9 146
77 213
71 212
51 193
73 215
3 135
90 230
79 218
21 161
122 262
1 135
16 148
15 147
52 191
47 187
5 135
76 213
23 154
16 147
88 225
55 190
115 257
62 199
101 244
38 175
34 175
103 240
106 239
61 202
87 225
128 272
122 265
17 150
58 199
50 184
71 213
30 163
116 255
2 136
6 138
130 267
11 141
95 231
81 222
42 178
110 250
53 195
123 260
124 262
109 250
69 209
81 221
116 257
35 172
36 171
16 149
113 247
98 235
89 228
121 263
62 203
50 185
13 151
69 206
59 199
68 205
32 165
107 248
3 136
98 236
98 234
12 146
112 249
67 204
66 204
27 165
111 248
57 190
69 204
76 211
63 198
96 235
14 148
41 182
114 255
82 218
59 203
33 175
19 159
95 234
125 261
32 164
45 185
101 242
26 167
71 210
102 243
23 156
20 157
105 243
51 196
132 270
118 257
29 164
127 270
51 191
66 209
20 154
107 245
1 133
49 186
99 240
94 234
29 168
20 161
90 228
126 263
46 188
83 224
111 250
60 203
