478 733 11301
287 950
182 479
146 789
352 810
30 840
72 736
356 921
431 540
368 790
417 767
439 507
372 948
42 737
187 848
477 783
329 757
26 486
78 735
164 743
394 549
163 937
59 793
447 1075
133 853
179 738
395 763
185 886
303 753
183 844
81 847
293 509
140 895
336 914
262 815
228 947
373 1177
143 1185
308 817
86 850
450 894
435 822
42 820
301 832
291 1112
390 751
236 1100
23 1182
459 888
260 775
430 890
175 529
251 956
397 540
99 509
409 1166
107 866
227 539
48 936
287 520
439 890
183 881
350 937
26 542
17 1122
311 860
177 798
274 540
73 937
276 1006
372 513
291 1115
372 1080
442 933
92 755
166 888
63 1135
209 923
70 750
165 928
475 938
320 881
230 1208
152 1087
42 915
105 939
379 795
236 866
108 515
307 878
195 544
113 796
357 884
2 888
450 535
89 754
188 941
10 746
476 530
413 737
172 952
360 824
111 950
464 921
259 522
181 503
174 907
113 831
75 751
87 744
88 929
171 779
206 758
203 815
292 503
460 901
352 544
244 537
158 873
310 505
54 504
114 916
448 904
274 485
124 479
33 1103
413 546
138 909
182 1108
106 752
103 1184
40 737
180 682
23 813
411 909
368 818
21 1168
406 808
144 1177
186 835
87 524
28 905
385 532
65 857
397 864
439 484
13 802
84 768
438 797
362 494
95 1190
456 839
385 797
474 820
398 546
259 1184
179 873
426 806
95 875
410 837
344 853
167 1092
293 928
136 493
89 835
150 829
45 789
63 775
149 822
132 484
437 809
157 505
414 537
400 761
301 539
413 739
269 866
302 894
3 952
461 946
391 900
225 816
184 751
68 868
67 754
439 909
406 894
472 845
298 1154
432 506
248 1142
124 810
93 1053
148 943
6 539
356 829
397 836
49 748
120 835
75 543
217 912
172 806
64 820
408 833
37 836
476 853
202 907
246 766
146 864
459 1189
423 741
444 755
346 479
28 1166
389 851
35 927
323 1185
156 943
312 897
58 492
33 861
433 862
167 1210
269 797
51 907
441 936
80 550
305 931
45 839
15 758
392 783
399 904
91 503
131 517
135 759
127 522
450 930
183 790
239 1121
447 764
26 870
408 791
138 740
137 1112
445 483
236 504
368 771
167 807
197 827
22 856
78 814
103 912
438 930
220 951
197 752
456 510
82 915
176 932
267 869
209 887
239 875
168 827
283 488
358 758
23 791
205 830
277 936
322 1073
306 529
318 537
439 817
334 775
229 811
453 853
238 921
161 852
201 817
431 533
41 941
347 481
169 550
322 920
373 797
447 520
123 826
248 818
438 1072
320 1187
405 748
208 829
159 808
68 902
273 803
326 738
308 761
312 811
174 1206
338 936
388 1112
316 522
326 927
192 1072
201 922
30 930
234 758
105 909
94 928
152 753
71 863
375 923
350 535
118 900
347 830
296 880
340 529
197 813
326 827
412 527
407 765
459 779
396 906
387 811
191 937
152 755
311 750
3 1140
356 479
337 503
413 880
128 500
476 494
319 809
407 828
286 735
466 928
70 793
268 746
432 501
191 765
104 941
438 893
331 889
189 752
106 499
53 916
350 1113
179 939
68 885
391 795
14 801
95 478
393 868
237 834
272 777
314 800
444 517
394 818
436 889
228 762
52 512
428 598
391 853
184 1172
159 920
442 854
76 756
75 1103
147 921
174 1070
349 1088
196 764
33 1065
35 744
21 771
111 539
242 884
279 540
280 940
404 817
217 520
292 925
234 809
194 507
203 1151
386 736
260 514
77 769
113 897
237 1203
98 497
16 766
50 497
114 513
92 789
183 788
191 841
299 921
342 824
394 510
41 911
54 904
148 852
17 920
99 944
299 894
311 896
167 795
451 952
235 1075
195 950
307 933
441 830
190 763
374 1169
269 502
371 762
205 929
392 793
224 844
6 779
14 891
306 524
332 527
103 774
468 1091
16 878
396 876
237 868
317 790
186 543
29 518
54 821
179 833
182 1119
470 906
385 894
178 874
6 932
371 520
439 884
417 868
224 834
89 857
406 549
226 936
89 823
229 480
37 932
300 740
184 490
28 863
7 772
263 506
222 841
262 805
355 1174
379 859
397 809
45 880
195 880
420 748
203 777
200 1204
473 1117
408 877
440 873
297 796
305 527
453 527
88 904
148 811
227 844
133 764
200 921
19 735
97 525
175 831
273 826
454 523
138 747
468 520
225 908
475 1148
40 890
432 909
153 823
112 544
81 928
148 736
26 905
348 762
16 1103
187 1206
28 779
413 817
345 515
111 745
154 848
224 535
150 805
372 479
436 884
360 845
323 503
385 1181
151 819
213 856
119 795
101 775
138 543
350 839
87 859
309 924
360 831
423 531
420 946
304 480
291 758
267 933
169 928
356 499
104 1193
280 860
152 899
228 820
363 908
153 810
375 791
443 942
292 882
426 942
344 777
470 882
272 1151
55 514
268 811
32 896
54 794
239 1095
115 865
59 550
343 923
204 834
8 544
328 928
418 541
131 758
89 542
193 756
320 916
392 525
446 764
415 488
310 913
409 504
269 942
31 799
175 851
332 800
367 852
466 1145
456 863
121 766
436 790
258 1137
470 529
267 891
219 813
349 1118
177 913
234 550
90 535
150 1179
106 482
201 815
71 882
67 882
153 891
81 873
228 498
447 832
226 903
381 516
34 833
362 748
31 904
97 791
435 920
436 820
323 889
11 878
98 1161
333 819
107 763
11 785
222 886
456 875
58 1126
147 824
442 536
181 897
343 1110
422 931
187 894
411 820
432 510
396 761
120 1197
453 915
244 862
330 1138
11 752
142 531
182 1086
205 532
450 515
253 793
125 758
357 844
98 923
216 886
336 881
142 836
203 783
56 738
355 851
71 871
52 485
280 482
469 1087
249 1128
332 885
115 1134
201 521
334 840
125 761
278 922
279 494
17 755
399 883
110 820
293 841
300 478
135 1089
71 885
476 550
220 504
158 853
208 943
56 502
26 799
256 951
452 696
77 820
246 783
441 1145
446 1208
56 889
140 765
125 1158
66 855
314 926
458 605
474 491
90 857
385 893
182 507
454 898
94 1149
292 822
174 914
285 790
151 494
299 495
35 742
225 529
353 750
419 545
474 914
44 545
32 1092
217 813
34 877
414 499
317 749
125 540
346 746
99 801
411 907
39 886
303 495
33 762
384 806
57 831
85 910
172 483
462 774
326 837
442 837
170 830
61 875
435 886
198 491
372 791
392 836
96 481
235 488
11 815
460 783
188 900
221 837
222 1204
457 1124
219 763
374 1137
283 522
101 939
183 486
298 1195
172 907
236 1087
121 1115
409 947
196 881
429 925
300 759
331 942
424 788
52 920
51 910
194 1118
305 817
358 788
124 889
315 938
32 1161
211 545
334 751
253 913
7 829
468 937
85 820
23 927
204 946
381 755
322 872
57 803
76 930
392 912
44 530
246 1203
199 966
234 1148
237 838
45 811
301 851
67 1112
118 834
277 943
477 928
134 512
387 849
117 896
2 744
124 832
172 1171
64 744
390 498
84 486
411 878
197 1161
309 499
114 919
314 868
149 938
447 887
138 761
125 783
99 884
79 1136
439 525
217 533
153 901
444 487
280 846
150 768
262 481
442 844
129 922
66 874
274 812
17 866
106 1204
178 868
325 536
262 513
172 484
0 499
36 797
364 926
50 856
323 784
311 547
426 922
147 544
325 548
259 884
98 503
81 763
348 1142
197 781
103 873
350 744
29 808
224 539
101 1066
216 799
105 760
87 549
310 899
370 504
447 766
32 494
49 920
258 905
196 1196
105 818
45 879
184 517
346 750
47 803
353 756
368 1134
323 500
269 827
89 1208
391 901
323 777
206 794
208 1182
466 1103
268 839
442 942
15 877
130 811
223 803
260 796
245 909
57 798
28 820
80 899
140 908
264 632
297 877
140 496
115 854
468 1138
415 539
298 768
327 793
97 527
425 908
87 883
207 931
443 482
471 832
370 811
169 818
188 1198
346 797
169 504
127 824
8 744
466 843
391 484
58 1106
43 842
202 744
367 489
182 763
14 512
451 503
115 510
404 781
275 870
367 760
364 529
469 827
190 927
396 952
132 875
214 738
303 550
252 797
192 883
14 761
424 525
414 509
229 768
255 950
422 1113
340 789
306 889
209 898
226 1095
88 908
323 794
111 942
147 806
205 845
34 748
236 1073
356 1202
422 1188
169 744
300 948
39 848
383 489
164 536
387 800
412 872
254 481
213 1164
261 871
58 745
44 514
185 880
312 878
322 791
471 879
423 1086
320 786
256 944
396 903
221 488
350 1173
96 545
434 501
57 935
161 825
370 830
340 1175
84 864
120 1106
336 487
119 940
196 827
333 484
335 548
418 890
101 933
263 859
50 796
437 941
292 951
195 1149
186 497
131 482
53 893
456 864
291 764
72 801
146 943
331 781
443 498
183 913
326 815
99 857
53 918
96 922
284 833
45 930
397 887
0 842
268 540
328 501
237 1190
224 748
182 493
339 738
11 891
175 535
45 525
389 496
389 820
41 860
477 872
124 748
182 940
188 503
432 864
278 807
435 884
214 846
184 531
398 812
252 752
425 802
206 789
64 496
77 799
31 902
93 616
379 875
206 833
97 749
179 783
31 828
9 750
172 807
447 814
375 838
437 896
412 894
385 932
367 860
387 869
295 789
178 839
246 542
97 907
255 488
98 1132
284 902
85 545
406 501
205 921
272 842
113 484
140 781
178 950
352 783
395 824
307 1138
77 1086
38 822
459 1130
59 921
160 547
137 919
159 1109
472 523
445 779
209 519
134 755
235 746
339 934
58 1129
471 872
312 784
270 808
13 805
95 1078
79 845
399 942
32 851
298 541
386 911
107 521
71 838
463 949
240 834
147 932
318 789
461 508
306 784
326 522
363 742
391 494
383 1206
216 901
76 794
166 940
174 766
275 483
304 507
135 1176
363 549
389 1184
193 1083
112 828
412 906
260 823
56 483
331 742
279 844
438 736
411 943
399 1080
383 799
262 806
208 519
316 794
287 868
114 948
170 886
342 776
433 861
94 831
466 924
163 894
253 807
68 923
213 907
246 819
147 789
394 1091
111 784
178 793
424 785
353 829
166 850
22 501
320 1190
443 883
76 798
26 1209
274 826
441 892
105 844
435 491
106 793
269 807
468 810
37 740
374 1173
457 936
11 1089
248 1113
15 1157
60 860
76 940
435 816
25 928
211 755
55 870
207 848
364 776
277 802
168 885
375 897
231 763
308 739
219 952
225 516
473 850
127 542
150 492
397 801
226 527
472 891
139 543
339 773
240 1163
425 528
440 895
128 942
32 858
459 493
96 759
317 907
90 1158
453 893
217 936
97 804
112 864
4 485
423 496
184 735
418 750
150 793
100 952
221 1201
265 895
189 1097
238 832
367 1137
127 735
302 824
391 740
214 772
185 517
126 797
92 742
420 778
66 1105
463 1112
88 788
254 941
403 977
442 828
203 538
457 911
476 918
170 827
423 501
337 786
255 839
310 939
443 492
303 545
281 842
91 896
175 549
100 938
417 529
440 790
391 919
265 935
278 858
202 1157
42 860
282 911
142 838
245 951
263 550
353 743
110 767
444 1173
269 493
462 823
131 950
202 847
352 1210
375 769
155 1205
14 918
394 1140
417 740
348 866
207 1197
412 1073
359 981
366 911
432 820
160 1082
292 786
267 770
456 1190
451 872
461 794
213 1128
85 755
277 794
475 937
133 507
273 905
211 846
364 819
445 838
363 944
85 535
323 762
143 859
216 940
151 855
56 807
456 919
24 945
99 874
318 910
360 537
420 838
139 925
349 761
19 1123
414 742
167 757
388 758
206 1079
262 514
305 754
336 799
258 500
39 548
223 902
435 864
306 742
349 852
129 796
137 905
440 510
67 858
364 773
426 826
191 1100
440 858
214 895
310 921
168 786
384 535
223 501
448 929
34 916
430 1134
343 1195
209 1125
254 483
406 1198
194 781
290 825
308 774
383 858
356 937
429 1202
388 818
342 909
10 794
295 499
364 803
463 1202
302 843
105 867
352 943
273 784
54 792
448 786
264 724
320 813
174 492
158 830
225 772
337 740
113 900
0 511
128 546
400 798
201 547
194 897
82 927
298 928
131 853
145 530
0 757
257 945
252 1170
469 776
175 745
150 777
138 817
229 825
8 752
439 787
299 858
168 479
150 846
45 483
338 800
89 1081
117 850
16 933
63 747
91 757
310 940
124 480
346 745
333 496
118 795
236 737
148 937
150 754
67 1141
223 507
100 767
178 896
260 1127
50 736
77 772
423 756
407 1152
357 927
193 787
434 490
424 1177
460 862
75 847
94 543
217 504
112 798
280 1131
211 881
429 783
120 531
397 946
96 892
55 505
2 810
130 501
473 808
190 907
242 812
129 897
154 843
45 1104
92 516
366 878
201 799
33 845
317 489
235 517
195 1205
67 900
117 831
348 865
354 810
36 482
124 860
73 896
32 1114
192 1073
190 1182
68 516
355 813
254 756
276 993
120 811
412 502
87 532
187 774
167 515
446 488
56 773
288 537
18 1080
469 895
105 944
442 794
38 1136
375 549
396 850
221 748
158 1164
188 789
132 897
188 743
348 834
315 942
238 482
354 1076
379 930
127 771
307 735
397 834
334 851
130 912
41 1117
373 750
131 1093
284 1177
181 811
205 785
60 929
240 873
187 826
191 830
124 501
407 940
30 886
21 736
313 514
117 1142
336 890
239 537
328 746
266 558
350 772
340 487
198 486
108 744
98 925
28 951
281 872
472 849
54 502
342 777
207 497
240 881
392 931
463 1186
345 741
173 535
448 926
394 836
214 773
85 1100
399 1204
33 907
248 902
293 540
173 904
228 828
463 788
250 500
81 1104
117 1176
417 1196
141 760
381 822
313 490
144 952
414 543
185 872
169 794
79 920
454 743
248 893
467 631
92 935
361 910
473 934
236 885
311 834
385 741
418 778
265 751
52 885
358 946
348 891
214 802
432 847
237 1123
173 1209
396 918
238 524
64 836
408 1207
355 770
147 740
147 787
389 792
334 745
215 972
100 1153
339 1100
410 948
422 799
13 825
329 804
211 786
248 735
342 782
226 1173
445 500
326 489
447 746
266 1004
11 510
258 493
196 550
161 862
476 751
256 813
360 1129
103 775
127 1153
328 1174
45 828
296 838
106 772
456 1132
279 782
461 501
131 843
132 781
127 821
346 488
120 791
244 898
322 499
139 943
382 846
252 939
400 930
385 540
18 1175
155 902
157 916
76 489
44 849
462 913
477 926
195 772
202 536
142 860
45 869
356 774
193 1129
309 829
384 743
169 1065
423 1158
70 895
425 482
246 1182
98 1178
126 1153
95 768
258 884
472 1183
28 519
450 860
334 899
312 1116
314 854
144 951
440 879
187 1192
60 746
152 945
141 908
196 747
363 927
269 506
126 827
82 888
284 520
347 540
79 936
421 838
151 479
335 779
198 917
410 813
125 1154
382 868
56 1105
87 864
112 804
337 744
464 1117
17 500
255 813
250 918
165 856
284 795
205 1099
182 495
313 902
405 833
316 756
249 810
289 780
388 517
474 1208
394 932
84 882
397 1204
300 751
320 894
257 745
133 795
108 926
305 863
444 862
417 814
364 829
4 486
55 523
422 858
407 735
344 547
97 754
144 1143
19 790
182 932
334 945
243 946
191 903
7 943
18 911
189 832
187 762
414 495
309 921
129 923
38 509
261 516
31 832
355 879
144 547
164 931
150 942
221 506
187 796
381 912
120 490
107 906
225 930
253 868
264 598
250 841
30 759
32 481
186 499
224 814
58 737
348 875
37 1206
99 823
39 830
336 898
309 510
362 844
474 896
469 522
243 936
43 905
117 491
372 807
279 925
49 737
265 503
218 899
224 936
99 927
209 494
192 911
72 759
419 1202
30 1100
98 867
464 941
475 1203
477 1105
213 862
107 891
4 767
463 807
204 487
92 743
24 879
382 951
446 540
216 747
200 789
398 942
393 751
399 766
377 957
91 915
387 480
465 504
24 820
61 495
155 1147
203 1065
364 537
109 491
28 824
124 790
257 751
373 530
433 945
56 814
145 499
471 852
6 918
339 862
311 1068
315 833
444 898
352 913
229 525
26 806
342 486
457 812
465 778
159 1171
459 855
399 925
472 920
158 1113
8 859
223 855
279 478
438 867
415 838
272 847
270 752
135 756
469 758
464 851
38 873
62 862
205 745
77 521
308 1067
0 829
188 942
278 530
48 488
258 909
149 502
389 918
431 905
136 883
14 883
178 1118
43 918
446 1136
232 821
168 758
173 786
257 770
360 478
298 527
418 764
257 860
148 828
24 478
383 739
286 1196
412 1200
156 851
3 532
97 822
463 846
120 501
18 947
421 878
392 818
404 1129
143 837
96 825
299 795
226 482
105 783
98 938
123 872
217 948
218 870
340 498
239 735
218 862
76 776
92 864
36 808
456 832
432 795
250 795
371 825
28 782
115 819
351 1027
201 1147
145 897
307 741
256 517
375 859
263 858
24 513
40 482
51 920
272 483
154 810
304 938
326 1092
353 777
44 869
322 799
289 1193
33 1195
139 922
297 803
307 864
425 480
61 945
147 488
202 852
284 835
67 936
60 743
34 550
375 1177
220 508
335 837
164 803
37 916
139 775
476 820
48 889
434 513
183 496
219 899
43 853
7 911
370 889
416 859
124 835
317 509
396 921
453 894
231 795
346 757
39 517
388 518
296 916
263 488
368 942
293 884
309 857
371 828
407 1192
283 842
354 791
117 935
344 840
361 492
434 876
331 939
159 782
243 809
149 489
462 912
333 864
374 757
38 886
228 797
273 891
84 930
389 774
218 805
193 523
361 751
416 913
273 740
430 913
167 881
189 794
4 902
98 787
226 886
1 585
127 810
51 870
468 824
141 1081
258 747
112 871
145 819
306 1195
16 776
42 519
358 943
346 771
204 836
460 1082
274 1094
138 807
22 791
330 505
216 550
278 949
393 874
475 884
192 777
366 812
297 490
213 783
464 874
305 917
171 772
278 904
471 542
223 756
397 747
68 812
26 829
400 865
426 508
345 491
432 760
202 781
44 524
335 878
210 831
330 896
15 788
207 925
290 869
348 490
338 946
362 924
393 907
250 539
57 794
283 800
136 518
257 828
472 505
313 506
283 876
328 942
61 489
328 763
56 766
358 849
404 510
312 530
193 744
229 916
206 891
209 905
190 950
70 1150
356 785
357 897
437 537
404 523
448 533
42 521
255 853
51 812
222 791
325 805
421 822
57 490
9 531
196 952
361 884
232 786
429 868
83 659
363 952
94 857
2 821
100 785
424 795
421 760
80 497
114 501
386 938
141 864
398 478
170 548
186 502
432 855
32 746
222 888
388 792
174 878
252 881
65 746
360 491
299 883
38 916
318 947
31 753
81 513
318 862
408 935
6 772
397 851
17 950
17 903
71 832
225 743
335 793
100 1079
211 952
168 862
48 791
152 1103
226 902
37 757
476 1177
426 496
317 796
470 804
195 864
418 836
70 498
416 485
87 794
59 785
260 787
361 795
85 833
285 1202
34 883
340 808
155 859
457 845
284 900
477 876
234 534
111 868
110 854
111 774
261 492
239 792
4 900
64 826
78 754
136 508
81 784
297 939
310 796
362 870
198 888
16 802
173 811
240 785
50 1158
388 820
289 1068
329 1164
330 902
451 889
275 855
443 1104
22 530
300 899
238 501
382 1089
165 814
291 760
398 862
338 849
340 793
457 863
261 930
409 540
55 806
129 500
86 531
278 851
330 843
174 856
242 743
308 486
323 1159
187 1108
51 903
454 483
179 929
352 1200
87 892
90 810
474 833
442 830
385 524
436 742
61 799
439 810
468 773
146 521
443 804
351 658
107 496
148 950
326 826
213 765
306 532
169 901
109 820
317 782
418 758
267 509
444 847
10 1125
179 529
214 929
50 735
8 849
107 916
222 891
128 745
24 892
176 524
128 874
122 959
72 507
391 1084
217 853
447 794
319 922
344 814
362 492
230 820
219 542
120 896
45 1190
210 875
404 806
216 509
125 857
234 766
202 832
141 483
154 766
423 1107
146 503
283 1119
164 898
431 1109
117 870
355 776
84 773
315 549
419 739
88 1204
95 1177
211 520
109 889
109 746
53 759
89 528
164 907
375 548
337 1171
406 918
134 1093
56 862
194 503
259 501
211 763
408 1133
210 850
429 535
305 833
269 1145
26 1158
398 882
474 842
411 763
130 902
411 741
334 787
158 765
205 804
156 776
333 1192
200 842
354 879
441 930
163 791
296 490
236 861
423 893
347 514
40 821
233 625
182 737
291 1170
136 936
412 791
286 862
398 1098
397 815
426 550
477 813
132 773
406 1087
15 820
49 794
172 777
325 760
23 757
24 898
395 862
75 802
281 907
149 767
326 912
11 1078
51 880
124 1186
439 504
132 516
176 874
313 804
267 1202
121 927
477 539
389 486
408 802
172 535
461 505
197 770
235 914
145 791
36 1122
288 769
209 770
244 487
226 877
16 884
95 865
142 1141
372 861
285 808
106 1121
9 911
444 534
286 774
173 795
328 828
30 754
304 519
258 746
131 886
333 1104
25 907
175 864
405 846
203 873
0 946
169 480
387 802
293 500
141 813
48 910
84 807
441 852
37 1101
133 497
216 917
325 492
183 536
76 818
33 760
394 527
71 900
158 1106
419 838
272 751
371 521
421 738
270 880
329 522
438 931
33 755
13 901
170 787
423 880
345 490
310 549
204 1091
256 1194
86 828
429 884
225 503
159 753
384 852
313 898
25 548
235 770
65 516
418 947
413 794
471 831
393 848
322 943
148 835
54 943
36 785
186 803
290 833
296 1142
117 819
121 853
463 850
420 531
59 928
227 768
156 547
125 500
420 928
274 743
72 530
67 844
246 1201
67 1072
242 739
200 775
94 502
422 841
379 828
360 821
142 908
424 768
248 1125
399 895
343 951
149 849
139 1137
124 826
362 898
374 938
362 1162
226 1161
325 911
160 836
90 749
146 862
100 869
332 772
413 876
334 830
78 789
297 1128
441 882
442 752
143 756
343 499
394 753
172 1149
49 489
419 845
259 866
330 899
245 876
78 522
134 738
310 1097
471 510
121 1124
47 832
297 788
24 932
336 529
387 901
126 810
355 502
358 1166
182 531
451 779
391 818
346 891
34 760
395 500
308 1090
29 853
101 830
52 905
61 1148
436 802
107 851
407 1167
252 941
463 518
321 623
415 550
228 892
34 481
436 1192
103 529
348 759
17 811
256 891
465 1170
267 893
64 944
365 555
51 764
280 895
418 747
334 1153
107 818
469 795
280 838
395 788
136 535
151 801
179 772
86 915
25 753
230 1125
357 934
293 837
471 873
32 1111
103 842
11 741
182 871
136 891
355 810
133 885
232 1120
86 796
371 915
420 486
398 481
261 918
431 777
338 1102
372 1160
134 922
422 908
104 1095
362 520
87 909
18 1118
245 867
237 1129
101 793
379 788
192 808
158 1145
329 899
370 908
204 754
262 821
48 944
179 775
347 926
71 1117
105 484
86 515
250 777
322 870
143 523
343 841
2 823
189 1165
308 780
170 761
68 1169
267 1191
305 741
405 779
225 784
58 799
235 827
189 826
430 900
167 778
47 912
176 479
79 524
397 798
163 797
144 754
274 768
139 887
472 756
145 543
243 1083
351 667
216 483
13 787
177 935
477 533
90 543
0 796
73 485
272 523
95 499
368 769
454 946
253 550
104 819
88 773
477 507
42 485
262 848
185 758
175 1108
461 1185
56 815
104 1068
421 479
76 832
65 831
66 853
91 550
473 914
60 899
113 883
86 482
410 535
196 934
95 930
230 1173
338 807
322 531
182 911
147 796
111 1138
331 900
305 935
142 843
327 842
255 819
424 1105
256 548
326 796
225 923
22 821
367 1130
171 522
338 818
151 519
442 870
234 1127
118 512
284 761
61 512
36 795
152 740
153 760
155 769
135 1071
74 710
207 890
236 481
451 527
475 947
80 760
183 884
203 937
312 504
227 770
292 861
455 778
125 809
268 923
77 872
175 1078
167 828
47 842
117 925
206 1104
195 502
47 483
303 839
268 1177
149 943
144 777
422 1187
189 870
17 1178
254 753
236 549
373 838
55 538
89 549
73 539
110 823
345 746
134 894
113 854
7 919
170 933
115 1165
338 479
327 810
67 909
10 502
160 811
120 845
461 1209
37 481
73 550
367 494
89 943
269 1197
212 564
84 896
43 787
431 845
103 791
356 765
220 1084
448 945
22 1117
95 521
65 506
356 493
318 923
78 1104
119 877
200 938
391 518
223 1074
117 944
75 736
361 801
88 795
223 491
155 514
287 914
62 507
438 869
35 920
440 826
474 837
181 925
425 892
298 870
387 514
344 885
446 1181
140 794
375 736
121 750
454 860
73 1166
17 541
240 791
331 1206
338 496
235 903
118 502
340 932
25 905
113 921
265 881
407 1127
267 946
109 811
182 922
465 1112
124 497
4 1125
348 807
142 1200
419 924
9 855
224 1166
148 787
310 852
286 868
200 779
194 818
358 735
144 779
220 518
450 755
170 1159
92 798
357 483
348 485
104 827
472 812
132 738
371 748
208 889
91 765
302 752
136 766
166 810
118 767
470 786
157 1148
388 1102
469 1143
53 537
174 496
24 492
201 872
80 903
205 927
185 824
413 895
213 547
40 880
75 922
260 838
405 1070
406 871
186 767
227 859
70 795
148 543
442 510
368 776
390 546
94 745
56 765
16 809
377 628
453 857
34 780
143 1156
323 911
130 1185
78 482
336 502
156 935
381 846
300 540
103 877
307 485
268 751
330 518
193 855
287 851
437 760
376 733
320 772
44 853
317 480
85 781
457 520
390 1105
433 516
395 928
299 914
222 934
124 951
176 836
272 495
23 761
388 932
289 548
414 925
105 813
89 855
19 798
335 839
330 878
269 740
206 804
3 801
146 487
400 488
460 860
308 783
35 853
14 502
374 907
193 534
453 1091
104 1161
345 501
243 896
340 943
417 525
460 1072
330 547
295 528
96 501
16 765
324 659
448 1119
370 860
114 889
442 1132
415 1168
194 842
49 868
80 862
457 513
57 951
88 493
9 487
349 754
7 1107
82 871
21 895
396 940
121 899
295 766
319 518
190 519
112 843
259 750
261 934
149 888
370 772
394 930
228 540
288 736
159 786
197 837
388 489
43 1091
109 915
198 741
44 774
184 526
363 917
370 1075
243 781
145 863
239 1115
300 1174
326 797
176 814
319 519
464 493
110 833
431 491
75 863
335 547
250 536
88 497
357 938
473 931
8 939
294 927
337 489
90 950
150 760
274 941
277 929
477 527
94 935
281 858
426 796
39 1177
396 810
435 1066
24 1110
154 922
168 492
188 753
76 850
33 793
19 827
254 933
87 1137
135 739
55 914
331 541
313 1128
268 1144
295 904
400 773
343 530
295 950
152 946
466 795
165 932
111 1179
269 944
57 767
227 929
336 1107
398 842
229 751
28 1127
357 549
343 905
70 789
292 796
13 1124
217 845
279 489
357 809
178 807
202 737
163 790
275 869
335 797
170 896
350 508
379 1095
213 851
87 540
305 518
6 793
176 1118
157 781
174 542
431 882
299 784
220 845
330 901
29 772
128 1177
112 802
106 759
218 935
213 797
151 546
372 738
26 838
44 491
256 491
7 870
469 748
125 848
298 735
123 833
288 546
145 867
18 811
0 753
38 768
252 814
84 496
378 691
310 767
106 939
147 521
310 511
223 823
433 547
328 855
104 1070
75 839
296 500
309 1203
455 800
220 482
91 857
16 843
9 524
462 837
279 1106
141 783
164 872
381 741
173 763
453 735
328 924
290 794
193 790
234 804
190 916
133 1187
221 943
272 1115
383 872
237 879
66 764
191 936
48 877
382 741
314 866
272 735
30 523
73 917
273 931
362 943
235 800
30 515
113 785
473 844
385 820
447 796
243 550
453 768
475 479
473 516
235 493
391 824
137 860
387 903
117 547
53 535
342 1145
1 630
213 1150
132 509
195 873
323 779
263 813
34 782
73 507
128 946
65 874
234 1116
308 504
370 799
86 824
96 894
59 895
432 933
367 912
353 802
13 852
71 945
325 788
77 529
224 511
16 528
306 755
135 1167
89 511
156 525
234 823
440 936
396 1152
245 505
163 1098
305 914
257 502
475 886
254 784
313 921
107 1087
312 535
451 501
121 932
357 919
325 899
307 794
217 1098
17 512
432 867
424 756
468 889
431 903
282 525
461 939
144 780
64 919
200 765
244 825
90 1085
320 795
197 855
315 1190
429 780
211 898
344 910
48 526
217 942
159 929
157 829
244 1206
305 829
422 843
344 851
384 765
152 865
128 1108
169 946
79 493
47 550
391 497
166 913
19 840
424 941
9 896
393 503
434 884
158 943
21 823
83 1015
92 506
78 897
154 822
435 934
322 868
440 486
126 926
214 798
294 539
421 903
434 821
6 850
77 812
138 815
361 819
71 934
234 793
309 929
120 1138
49 532
249 913
76 804
397 800
386 849
274 535
286 513
348 1106
68 738
448 791
25 788
192 901
225 802
2 510
301 515
386 818
421 527
107 868
145 937
58 928
274 479
131 920
7 544
75 770
459 796
317 770
94 824
310 760
242 911
248 812
303 746
270 549
327 479
220 849
134 923
92 842
274 533
98 1151
211 929
26 487
0 944
446 490
39 478
435 757
137 895
187 1155
461 820
137 878
196 912
382 1174
32 486
95 910
198 887
361 1068
342 833
17 878
177 927
393 951
225 800
368 912
227 1121
97 542
72 938
110 911
244 872
4 758
227 858
352 796
476 810
368 739
313 888
463 822
171 778
457 545
107 918
281 914
168 952
222 844
198 487
16 862
153 750
417 950
96 766
79 548
60 506
144 497
165 904
409 510
293 1127
391 845
476 830
334 912
468 1131
267 929
6 765
473 872
449 632
107 937
144 950
261 823
105 483
127 918
368 765
422 808
459 1095
437 520
367 924
205 500
184 527
91 933
64 531
76 517
137 496
453 538
410 914
126 941
375 878
236 845
174 1140
256 853
204 858
137 927
203 548
128 878
474 478
150 774
443 780
25 542
190 777
262 851
459 948
468 908
15 888
405 1096
131 748
37 931
165 852
246 879
45 945
326 517
440 536
200 505
303 903
77 889
214 1126
121 774
221 1167
469 781
156 826
382 742
229 842
70 491
158 741
164 778
294 884
25 533
79 1178
75 860
60 931
53 870
279 1141
339 844
173 817
167 844
288 832
29 889
202 883
356 797
81 507
259 499
333 941
189 940
221 875
135 916
352 1076
7 794
220 888
205 920
261 949
42 904
236 496
294 773
23 905
373 875
237 504
7 533
390 805
177 849
151 890
133 893
69 616
372 828
7 885
446 504
407 948
170 1078
164 806
138 745
76 947
265 1077
395 803
145 873
337 879
417 794
112 845
151 752
452 723
111 1141
96 1136
334 741
297 885
297 782
477 523
77 775
307 850
181 1099
294 894
84 841
80 868
59 837
436 861
153 834
115 535
372 846
447 773
106 919
414 851
197 760
42 798
386 913
398 748
388 515
379 894
210 869
358 932
183 780
306 904
447 888
438 537
430 869
66 946
295 1067
258 501
159 936
433 493
180 727
120 903
119 496
110 848
157 880
425 510
144 1165
332 494
398 946
105 781
397 883
209 843
406 537
211 915
421 854
30 861
227 535
142 493
272 908
457 833
207 748
150 744
4 883
284 934
232 788
299 927
413 873
193 803
10 942
404 837
9 1137
229 940
7 904
109 869
410 834
81 1207
45 905
373 505
365 726
91 778
6 483
354 808
254 540
159 877
17 922
2 1184
33 894
68 780
205 834
431 864
25 854
95 944
167 497
100 867
226 905
243 527
39 1071
457 895
463 918
306 923
424 891
441 770
146 1071
334 916
94 860
66 896
419 740
96 482
40 531
78 533
72 782
107 757
4 1104
26 1096
228 780
357 814
197 1125
448 1134
338 544
395 840
405 820
43 503
438 811
475 822
343 870
238 759
128 489
294 757
161 798
128 507
49 881
333 755
2 784
440 1148
242 767
366 1166
307 928
96 818
210 1066
254 819
336 944
374 744
54 510
352 869
446 892
189 864
353 491
31 1198
229 897
170 863
316 749
238 809
173 808
454 1110
236 1091
267 779
253 871
108 755
259 497
17 533
425 1176
319 1096
53 915
133 1079
477 810
181 812
18 901
275 854
329 802
113 1066
455 1083
253 765
151 492
178 787
243 779
320 864
307 1163
277 512
210 851
191 836
107 878
16 812
210 548
130 879
21 776
178 785
49 863
356 863
407 1099
166 800
82 818
460 781
13 478
212 663
219 506
31 796
372 748
382 768
322 504
14 886
364 846
125 803
373 949
231 878
218 545
224 893
325 905
153 899
32 914
352 807
98 916
64 914
242 754
355 528
311 748
208 930
246 744
105 926
312 478
55 911
329 529
213 791
182 919
177 1150
430 947
349 515
87 810
123 916
407 479
33 948
391 804
280 518
409 946
161 494
204 1122
121 829
242 795
406 902
187 829
463 779
371 548
106 1083
134 832
285 742
49 885
455 1080
297 500
173 865
273 871
97 929
409 760
47 486
156 750
37 799
477 836
242 519
303 871
316 799
372 889
236 817
284 828
316 757
153 908
443 1193
322 918
335 544
442 860
213 513
367 910
197 740
368 1071
239 914
314 904
357 532
249 933
95 834
130 521
115 737
396 776
53 1204
455 545
327 870
379 1107
339 481
36 1186
473 856
318 887
224 1126
217 932
411 507
62 764
443 892
259 912
132 1135
156 1200
418 478
243 502
182 839
346 827
116 575
285 791
285 855
174 818
384 942
300 1119
114 938
175 524
416 827
62 842
325 1135
237 499
221 750
265 806
371 882
218 824
415 823
151 906
454 951
248 527
363 807
374 502
281 779
436 1204
214 879
24 887
205 483
117 1207
219 1077
138 935
49 1117
51 1145
201 806
306 502
35 829
259 541
38 740
394 876
58 793
81 874
189 934
434 1184
154 799
4 807
223 529
450 904
43 523
258 1200
260 1158
169 532
242 1154
339 797
248 915
170 1089
426 941
189 1194
209 756
164 484
22 806
373 893
153 1141
7 769
454 839
156 831
111 904
272 1181
295 868
417 829
366 500
258 868
287 757
84 1099
67 1106
191 831
10 849
194 1140
359 975
84 836
388 815
283 766
389 921
32 796
244 926
9 767
318 831
287 859
154 825
473 1095
309 791
372 548
135 788
373 760
140 932
437 516
436 754
323 924
126 821
131 531
174 769
471 915
185 821
231 871
297 774
430 768
35 735
202 533
303 773
455 744
460 895
166 931
84 893
413 550
22 874
270 735
170 744
177 521
77 749
112 744
338 762
342 850
164 514
463 1082
292 780
38 778
203 740
121 905
72 511
150 824
343 511
2 756
28 1121
294 861
68 766
409 1129
79 757
446 812
53 930
65 853
245 794
142 1167
399 833
218 738
414 821
197 932
436 523
404 1127
149 1137
5 559
68 912
248 760
273 892
240 1085
70 844
215 603
181 509
315 822
115 801
104 484
336 839
140 920
323 910
311 934
297 789
350 836
355 524
108 927
330 496
56 812
320 817
421 744
269 1072
239 803
53 879
343 536
326 491
50 904
91 855
338 759
211 816
301 836
16 923
354 833
101 802
317 835
279 518
469 512
230 948
409 864
39 931
99 828
107 860
140 860
315 1137
433 519
112 883
168 951
288 907
90 738
29 832
18 1078
338 515
96 484
45 883
228 772
267 812
297 823
456 906
18 743
395 923
302 898
209 815
119 836
177 489
344 950
255 527
47 527
41 874
201 1129
203 862
222 531
281 1078
155 509
291 1183
176 818
198 868
462 753
456 847
161 773
400 841
386 932
49 864
81 799
169 735
83 708
370 809
112 895
460 739
262 843
297 497
440 781
387 512
127 772
54 860
361 783
22 943
398 537
87 861
303 786
200 535
333 828
386 930
363 829
426 507
37 530
190 1110
413 519
85 1148
373 1172
231 821
311 785
389 478
49 1138
147 754
289 808
280 771
96 942
139 512
188 1116
393 766
208 876
342 938
21 952
13 519
49 945
190 813
464 802
229 1193
118 785
275 935
132 741
418 833
297 906
62 744
384 928
316 513
163 763
243 813
302 548
340 822
465 849
165 890
371 1113
214 517
66 757
334 528
413 909
185 790
237 927
251 722
67 932
10 839
375 1127
263 872
390 795
464 930
55 817
113 777
30 781
91 761
359 673
56 784
344 868
314 795
289 1172
330 1099
455 857
444 795
283 743
193 521
408 508
16 930
116 984
45 738
172 941
281 925
193 882
331 740
133 876
458 626
290 943
284 764
455 832
312 735
236 931
15 523
306 1107
454 882
421 841
72 754
306 924
413 1108
363 545
409 1086
4 830
29 893
166 872
169 776
39 759
231 906
44 865
417 778
363 798
100 940
434 814
118 741
370 832
29 933
198 749
281 875
436 810
40 927
222 500
382 898
278 847
58 950
222 491
274 510
315 907
268 809
127 513
387 870
465 827
371 1200
44 811
430 525
177 939
59 737
373 917
136 532
147 888
220 746
319 924
96 888
171 822
30 859
90 549
462 816
159 1084
128 492
107 770
313 790
13 535
291 891
181 839
62 882
407 1066
145 512
444 1071
123 543
112 738
182 504
380 1047
402 589
149 942
292 876
318 736
45 920
319 904
91 527
468 533
275 536
307 749
176 930
383 841
198 934
307 1167
19 522
303 788
64 1193
132 1206
397 790
133 790
48 838
250 910
86 803
49 896
441 893
466 1152
63 802
41 764
82 1147
145 759
400 928
329 516
92 767
412 831
411 814
323 1148
63 824
425 751
81 778
86 770
280 542
382 765
2 929
342 542
291 931
441 931
423 890
228 1104
141 914
77 894
138 810
31 927
314 796
206 816
287 922
260 816
89 797
372 750
257 825
434 882
2 522
323 758
178 494
298 492
388 794
109 787
325 480
73 822
187 843
261 844
56 779
179 855
448 889
132 1087
129 1109
393 1116
17 939
81 1074
306 814
279 834
405 860
47 883
314 948
235 523
323 825
173 524
345 952
75 787
210 478
144 770
28 1099
289 928
163 1174
421 765
208 833
96 877
331 862
375 916
329 887
135 1112
95 837
373 864
385 757
290 919
30 520
326 937
52 1118
188 782
4 813
25 933
269 480
415 934
256 868
8 1201
30 921
29 1151
181 894
259 946
119 829
10 737
332 905
132 843
136 778
152 752
187 890
281 780
412 488
197 737
149 751
136 1115
175 804
26 490
167 537
236 848
404 547
209 925
235 851
445 478
410 795
171 542
263 1065
172 486
232 884
335 931
439 751
18 550
293 807
335 1208
238 821
394 849
80 778
259 823
134 829
464 822
131 532
429 747
165 784
134 500
126 804
98 802
430 742
164 855
175 531
2 836
307 1164
470 527
331 515
422 753
177 762
163 758
344 1114
370 917
59 532
198 774
381 895
360 905
295 793
392 542
353 785
414 844
345 937
248 850
200 482
111 801
260 755
454 841
473 1094
243 741
269 862
395 774
220 866
333 808
139 947
395 488
216 1108
30 548
457 850
32 1083
308 503
129 1133
234 535
330 868
375 847
243 1117
21 851
335 891
421 1076
287 523
147 931
263 844
444 910
313 497
226 1176
70 873
31 541
227 916
463 770
330 758
414 867
406 920
441 744
422 906
368 502
166 507
196 1125
256 794
304 794
110 798
23 523
146 495
234 736
152 1106
438 886
409 901
84 914
476 933
114 812
3 887
56 867
92 926
64 909
160 797
187 746
202 770
60 915
99 1184
65 834
300 498
384 907
123 803
477 1090
391 746
193 515
18 745
354 1128
186 845
206 852
241 1056
161 943
249 910
13 776
41 942
406 1194
25 821
106 739
12 707
141 771
295 800
291 539
327 784
217 821
23 855
393 529
228 815
419 751
447 910
451 543
90 764
67 935
469 911
38 486
342 930
97 861
382 753
108 896
136 937
468 872
76 752
240 865
457 874
354 530
418 525
34 827
157 532
201 931
435 891
183 889
206 1101
404 890
204 865
148 927
339 497
267 503
368 786
329 939
309 915
400 779
422 1207
105 550
207 920
414 1103
54 778
414 798
387 1170
150 784
466 785
64 1081
382 829
461 911
158 480
283 932
263 824
442 787
77 485
189 742
249 765
177 1167
333 542
160 746
317 479
22 531
216 890
404 786
352 739
287 865
25 904
68 770
63 772
338 1202
473 950
319 539
248 935
450 1156
381 946
60 777
226 827
297 780
410 749
174 1138
186 782
390 782
410 784
26 504
226 852
150 550
364 544
103 478
126 870
23 1107
58 550
152 891
393 508
353 892
462 530
292 870
270 864
322 863
129 520
257 943
396 518
59 1087
235 799
214 867
259 740
65 932
280 788
411 885
14 857
422 516
203 884
429 922
246 499
181 946
250 829
399 1070
319 812
209 525
404 757
235 1189
361 1178
300 823
354 904
415 1119
414 910
60 1088
474 889
413 779
296 750
280 921
352 917
440 800
118 548
368 833
313 531
293 949
460 818
269 525
56 818
372 745
120 505
393 1166
411 854
128 788
41 522
431 739
255 951
308 898
248 478
224 750
149 839
51 1084
176 764
332 763
309 518
65 792
202 769
453 767
137 1082
140 748
47 822
347 917
287 535
323 502
462 863
146 796
448 833
473 506
399 503
262 932
349 746
423 941
389 840
229 550
183 797
438 824
31 781
189 1093
325 875
117 811
338 783
244 752
333 898
334 514
248 852
295 822
68 508
163 548
114 881
222 1198
346 859
240 950
41 529
419 951
426 1137
53 780
261 502
472 499
57 883
176 787
466 895
207 1166
396 525
138 947
123 758
179 736
344 523
315 1081
49 852
78 932
209 1095
56 890
284 903
189 943
421 737
230 779
420 876
239 859
231 742
109 488
433 481
400 1077
466 896
295 765
419 515
188 1121
350 543
58 517
433 490
16 814
374 866
109 536
238 771
253 523
200 909
394 535
434 820
318 940
261 738
8 807
451 850
36 770
349 865
289 813
97 829
457 817
430 511
110 903
457 490
101 895
310 485
470 815
456 546
354 529
405 738
221 926
348 1107
218 898
471 850
24 490
308 1167
35 797
68 898
393 542
123 799
388 507
127 502
8 749
469 826
474 1140
455 783
249 770
408 520
446 1080
334 940
128 775
435 919
110 810
155 757
165 753
343 797
356 507
24 786
79 883
456 904
326 758
186 523
216 795
204 901
364 897
379 537
56 1171
339 519
9 828
282 503
201 503
0 791
253 1192
58 925
259 1185
349 870
406 939
134 758
175 811
412 493
434 548
75 800
316 516
50 540
154 538
52 805
110 527
59 888
203 803
409 1176
157 792
255 1168
191 514
8 480
355 1186
245 529
169 513
165 795
91 841
193 888
384 497
300 767
196 889
361 905
293 801
231 853
43 819
239 858
422 875
90 527
141 738
407 540
254 911
423 840
227 507
469 917
34 1167
468 484
262 1146
161 831
411 515
208 828
433 1206
89 875
118 921
326 861
13 808
139 888
336 800
307 822
471 780
42 837
207 846
164 791
210 480
32 837
125 744
230 522
57 741
249 1145
188 832
332 833
400 806
188 843
437 481
400 935
189 495
358 1178
438 949
345 823
40 521
425 814
390 753
183 746
153 547
228 865
255 835
81 766
382 537
146 1200
407 795
284 831
88 498
67 1179
213 784
275 1139
193 856
415 881
75 489
14 860
15 782
218 809
312 806
201 545
49 511
45 907
194 525
357 836
143 922
181 540
213 842
330 742
398 913
92 518
144 836
161 529
72 780
168 909
238 825
293 843
44 870
167 490
472 848
67 835
442 508
34 1144
328 762
30 539
64 1106
36 799
37 1133
50 757
474 769
375 740
16 497
189 907
173 896
335 832
280 761
178 892
284 868
275 760
362 917
237 1098
213 749
137 502
136 948
160 1152
424 862
192 792
20 1058
172 809
393 1189
0 881
44 510
244 512
396 885
404 768
282 862
421 805
384 483
300 901
466 860
43 874
169 756
44 788
70 782
10 910
227 743
98 835
382 1188
21 917
473 949
315 931
49 1208
181 856
169 1079
445 897
465 935
426 874
103 527
366 902
110 748
246 483
218 548
252 743
57 1202
291 810
282 754
159 928
39 914
272 786
298 944
274 758
236 776
190 863
451 1065
370 1170
435 769
298 799
388 1179
236 880
28 924
0 846
43 850
475 784
412 876
363 884
360 832
465 872
470 796
312 495
142 935
379 909
281 514
141 486
448 522
334 892
409 798
390 777
5 713
446 759
388 740
399 917
226 931
17 1130
110 1164
353 901
222 908
445 825
288 777
192 920
407 910
212 1055
442 928
19 738
43 1163
185 791
287 873
153 833
306 878
237 910
172 832
415 478
237 768
369 685
438 527
41 1180
238 907
259 516
447 514
107 1156
343 813
406 904
92 766
26 833
56 877
407 778
356 736
268 772
433 1101
177 918
381 851
342 1067
161 941
177 1102
107 532
185 780
77 923
459 1082
150 1148
2 793
40 786
185 908
4 803
413 906
456 777
9 872
114 811
282 815
246 770
206 917
437 912
249 764
21 905
337 756
202 486
303 854
434 774
40 930
86 1074
27 1016
219 930
51 534
420 794
297 870
268 933
238 757
82 1138
459 503
451 840
342 904
454 914
433 499
325 885
26 755
95 918
196 545
156 833
248 810
227 481
184 809
188 889
255 864
16 818
269 922
143 943
119 851
333 492
73 833
211 801
310 794
272 858
437 785
141 905
423 900
296 918
424 737
149 1115
257 1199
450 752
275 1108
92 738
67 742
184 871
118 812
336 922
456 782
224 876
435 534
349 929
49 803
17 1207
208 810
47 532
250 902
434 486
257 881
78 858
209 829
349 1097
288 1122
35 748
3 880
309 490
405 836
301 525
302 853
155 488
370 891
121 541
393 762
394 824
360 889
90 1157
311 788
366 915
139 778
108 945
45 935
72 1074
43 826
28 840
68 859
76 913
72 1071
366 492
225 745
325 479
106 541
229 1146
258 485
172 834
464 892
155 751
249 501
408 929
204 869
395 1143
96 1198
137 886
406 1066
412 516
163 800
394 512
200 1195
111 521
171 738
436 939
75 492
328 851
456 738
454 480
22 837
354 740
350 773
308 1116
455 1130
373 494
140 950
435 823
409 766
229 805
463 855
296 776
19 844
361 516
362 521
108 879
314 944
210 892
461 1116
163 884
334 737
352 516
208 905
33 876
400 548
474 510
143 890
332 864
282 495
356 851
315 796
229 527
106 545
121 491
179 802
63 1118
186 1181
219 512
389 1203
143 1165
179 897
273 1072
476 767
274 948
6 916
249 893
407 546
237 747
340 775
96 530
228 807
322 800
213 751
219 949
347 815
189 931
42 536
436 1170
309 826
33 829
54 838
199 728
358 540
129 868
71 948
150 1169
282 926
273 870
461 484
82 828
246 842
295 819
173 829
173 870
120 1189
454 875
220 893
444 868
222 781
3 936
246 949
406 773
101 843
60 1094
78 855
360 519
322 846
361 743
4 1065
335 478
10 520
237 742
274 851
164 868
72 526
378 564
379 739
97 932
97 870
363 806
281 834
293 856
285 498
448 863
109 1175
235 797
394 479
29 784
35 1184
11 939
456 932
360 860
405 770
77 547
111 888
107 497
28 844
85 935
97 904
153 1147
77 542
180 653
265 900
312 790
35 1085
192 847
23 743
282 796
132 530
154 540
42 1175
461 746
435 862
291 819
455 924
52 937
197 847
236 897
153 1072
473 829
298 756
296 784
230 753
29 898
396 1091
444 907
440 543
437 849
95 487
100 1078
456 741
6 885
144 863
450 869
123 897
336 541
103 780
221 847
184 938
294 1157
153 755
424 792
470 538
466 802
297 549
368 808
232 781
414 483
80 776
165 843
346 773
252 759
443 879
202 812
284 839
140 778
65 846
346 737
312 923
234 512
330 854
468 545
127 1150
343 915
462 872
26 742
444 1083
407 1110
237 765
420 1205
454 511
420 913
303 942
220 941
323 735
29 787
352 1077
255 838
280 868
160 828
10 788
466 508
248 783
36 825
340 478
114 755
400 908
356 770
0 524
316 932
168 1111
127 924
295 847
368 918
390 891
138 939
287 775
416 887
460 542
47 484
174 776
281 1133
168 931
431 932
95 801
114 837
442 762
346 1180
134 784
202 912
201 942
424 760
96 816
84 811
125 943
135 852
307 520
345 828
455 935
36 853
243 1126
460 764
443 874
319 868
243 769
435 914
289 482
344 870
450 858
189 1171
425 522
82 877
242 744
240 952
190 786
316 873
185 913
159 804
62 780
389 815
375 905
297 1144
312 1191
298 767
121 747
438 853
56 1165
416 816
249 774
37 496
133 798
329 853
194 835
63 1066
40 837
383 881
175 1130
397 541
420 941
164 544
254 875
223 809
148 489
13 767
140 929
314 491
172 894
150 945
75 907
133 822
459 837
39 532
396 1094
108 800
307 809
472 837
268 500
307 758
228 743
194 795
242 905
37 524
70 816
289 777
256 901
310 861
421 851
33 489
108 852
261 868
304 766
336 820
338 812
83 556
388 833
191 802
66 917
387 875
37 778
61 794
441 1075
280 810
216 933
392 924
342 853
275 1178
240 747
59 886
211 536
144 875
80 822
15 487
288 946
246 805
11 860
13 1186
311 1117
444 918
10 918
130 1084
7 894
470 498
432 889
129 803
150 888
157 499
386 827
294 749
368 904
471 537
211 525
318 500
358 882
335 1141
87 528
320 851
279 858
152 875
176 517
6 902
400 509
300 889
105 917
192 799
430 766
7 531
70 505
296 752
145 896
4 873
429 1166
157 542
125 918
234 850
302 900
445 845
221 1081
111 545
123 852
51 482
477 1119
413 537
279 874
383 1159
183 924
248 792
353 1128
300 934
300 1129
318 1094
444 944
263 737
115 929
94 834
34 1106
172 897
118 759
362 782
221 939
252 859
388 1190
39 881
327 772
48 902
382 799
115 782
231 924
221 772
186 530
283 882
249 760
39 1084
281 799
244 913
352 756
26 909
328 865
71 898
345 1188
407 833
86 750
23 486
138 759
161 886
204 902
14 517
375 796
450 750
171 904
313 1174
305 743
397 778
289 866
297 1146
79 798
464 922
50 508
185 1076
153 1076
283 850
234 767
285 799
466 874
318 912
419 494
229 779
304 847
296 949
316 509
317 878
414 1142
270 1194
415 924
452 990
464 932
14 831
194 826
88 797
1 696
161 1152
290 818
441 782
77 777
440 497
94 758
245 842
52 1097
301 899
220 856
149 754
85 1186
469 863
136 907
248 781
386 885
124 1106
400 533
223 871
193 511
444 507
367 518
31 914
88 919
274 770
458 642
384 924
476 894
345 524
223 842
288 787
185 785
119 868
118 1115
131 506
359 1016
409 860
188 795
143 831
29 1156
164 1068
54 825
465 757
237 918
395 767
313 909
82 916
434 919
98 735
8 771
38 899
65 751
419 779
144 924
221 508
15 949
242 515
196 869
350 509
441 858
151 489
406 841
205 791
398 1152
194 922
220 794
337 508
381 792
132 887
97 519
294 523
314 1137
232 812
24 515
265 924
385 903
360 861
417 819
383 1189
316 878
355 775
120 864
301 1085
148 1090
279 928
302 760
22 838
87 815
222 746
347 1100
0 1143
477 481
174 940
300 874
64 751
431 868
388 901
262 541
453 743
31 526
379 808
421 800
184 479
145 1200
224 858
185 810
123 812
216 943
186 906
134 749
253 819
390 875
68 846
470 788
317 830
410 851
47 1162
28 737
53 906
125 816
239 949
322 852
374 912
383 818
146 926
423 1133
196 748
433 785
420 1193
42 951
364 880
476 773
53 783
35 905
393 781
152 809
437 777
72 830
111 546
404 926
52 797
152 777
114 490
463 500
349 937
349 909
105 1172
353 869
111 1090
13 790
425 820
167 818
129 757
270 743
342 818
164 542
320 761
22 952
414 737
277 833
202 488
292 918
293 746
396 843
349 756
439 743
398 482
277 490
397 741
113 929
71 836
176 849
394 1132
64 939
186 492
39 888
214 1067
118 808
206 1089
274 1199
420 943
261 799
239 756
325 864
63 820
87 830
296 488
237 884
209 855
372 773
176 791
189 785
32 901
319 855
278 792
289 478
283 1205
331 949
160 895
385 850
29 759
84 929
292 1209
32 522
52 1079
105 513
391 1193
460 770
371 1092
176 1104
68 518
43 946
331 837
3 820
407 894
225 850
104 918
475 877
143 937
265 903
62 863
106 940
260 496
41 952
331 922
224 879
160 502
67 864
243 753
21 528
78 515
49 491
331 857
191 548
390 812
297 1190
394 894
465 1149
278 817
444 515
420 900
238 822
151 746
389 810
182 818
210 943
430 855
38 1102
298 907
447 527
171 856
114 844
160 1103
228 885
374 796
86 530
274 905
443 938
232 516
109 843
223 745
278 766
154 921
473 884
223 1202
314 735
410 847
146 777
147 929
258 781
470 1154
447 815
40 771
137 1074
125 948
313 1081
409 799
330 479
462 797
245 778
457 495
143 534
222 777
17 833
348 480
460 1154
272 741
61 758
432 773
73 789
307 1088
67 1090
164 817
69 1059
120 503
297 1156
278 1150
288 915
30 480
448 898
459 489
262 538
349 807
44 814
178 799
134 776
133 913
367 775
190 826
285 846
146 853
157 878
462 784
476 924
91 481
138 843
464 508
477 759
121 820
97 545
415 547
476 541
88 488
105 1082
125 550
218 534
300 754
246 550
155 1117
374 1082
329 796
24 826
226 780
269 768
476 784
17 1168
275 511
417 523
232 827
235 812
147 800
417 912
70 915
190 807
190 547
17 907
415 857
291 480
463 903
97 918
363 778
333 1158
287 489
4 788
187 902
354 928
17 899
38 753
417 519
44 862
166 893
54 500
128 738
133 513
110 498
217 819
88 512
445 1163
289 1093
96 854
13 809
111 538
273 516
430 754
339 800
333 1159
222 495
148 513
137 776
257 831
218 843
252 787
446 855
337 505
130 873
256 735
263 495
96 1196
371 904
38 786
92 749
178 776
349 809
65 779
45 1097
277 918
300 1177
39 752
322 818
109 758
198 1157
318 825
75 949
165 506
151 772
254 1173
315 1112
70 736
201 860
119 937
423 920
22 768
215 601
4 793
294 823
108 481
259 895
306 751
285 900
184 880
331 856
412 897
316 812
134 510
260 875
70 809
339 927
218 523
55 775
333 902
253 881
36 509
176 543
126 841
396 1067
130 807
392 900
71 896
86 500
114 876
242 489
456 515
318 478
250 813
263 794
332 751
250 1145
159 883
153 775
76 522
279 860
96 1124
317 483
242 481
298 796
364 939
11 917
409 488
111 811
292 906
54 520
134 830
374 937
169 864
52 1072
120 836
90 776
248 1094
223 810
295 941
230 813
182 924
332 822
130 543
395 837
242 1147
168 921
134 766
294 767
258 1098
280 902
272 779
122 987
105 1176
253 1205
391 947
37 750
18 541
232 941
275 500
47 739
455 872
43 764
180 624
279 802
54 744
137 791
391 924
52 870
423 759
286 814
333 935
304 844
372 533
141 940
256 942
219 931
157 873
55 749
165 500
334 778
100 884
347 773
227 782
170 519
172 1175
173 869
448 801
68 821
434 859
3 1094
60 1160
247 719
288 820
276 998
22 854
391 800
350 1120
38 766
188 756
121 874
218 808
319 530
31 875
103 872
174 901
208 873
390 822
34 915
322 945
182 917
53 901
222 542
306 745
356 789
190 515
168 839
78 874
196 774
60 783
332 762
183 933
473 760
193 1114
106 487
412 825
445 538
366 488
277 503
254 910
82 516
127 792
260 528
312 508
64 497
227 506
41 853
317 787
250 751
195 790
130 933
152 518
8 511
447 862
197 493
73 939
105 906
250 741
124 1098
335 546
472 493
123 548
114 935
121 831
236 506
213 875
118 1102
165 920
228 516
56 520
224 792
163 849
2 905
352 531
315 829
449 981
26 899
38 746
420 840
355 504
344 843
302 745
265 534
112 922
218 490
308 882
79 753
458 1046
354 943
219 858
97 774
160 484
153 1166
195 930
404 896
290 504
296 760
124 899
155 786
298 752
440 851
106 536
95 799
68 1196
281 544
208 860
455 831
254 767
73 906
316 817
474 771
312 880
288 899
326 546
346 482
152 812
129 948
399 841
313 1176
259 802
259 1121
52 917
318 815
246 932
143 542
197 868
197 531
211 1125
399 825
328 859
317 929
279 946
270 510
166 542
316 741
19 820
207 814
196 804
137 874
11 935
269 792
444 878
335 521
409 500
407 857
294 878
439 481
336 750
273 497
120 809
460 897
257 1136
301 820
48 493
303 913
433 923
294 766
439 1147
293 771
260 911
375 1087
143 868
418 761
329 506
334 1130
408 856
25 1081
103 1126
175 748
252 946
199 970
194 740
320 798
404 950
140 802
186 519
448 834
89 484
171 759
31 777
190 478
101 795
314 916
161 1177
246 814
129 836
166 517
73 860
386 485
278 1205
7 1089
349 912
192 944
90 865
267 815
413 855
307 525
249 508
204 873
23 839
209 772
92 526
355 816
448 755
150 863
323 928
67 1114
59 782
216 881
465 1147
332 534
363 501
141 893
332 856
57 901
127 857
148 492
245 852
60 765
431 889
258 921
125 1080
131 905
460 759
392 765
65 1201
230 1082
299 778
300 795
89 939
21 764
416 1114
231 935
111 818
370 774
450 523
395 743
166 1134
216 770
130 1192
429 837
381 890
337 542
432 1079
242 1122
54 923
303 798
135 932
46 572
373 537
124 823
372 949
41 1190
206 492
466 923
34 784
307 746
450 797
74 657
370 1179
11 852
407 883
144 502
136 1205
358 1206
164 742
440 871
396 904
455 925
336 539
420 923
160 529
446 854
352 902
416 1189
447 753
441 510
59 865
318 1075
322 1083
357 853
357 825
392 865
118 758
29 880
268 762
349 921
173 860
391 527
129 1121
232 798
396 507
119 811
3 837
350 779
459 750
136 539
353 774
419 899
80 839
29 847
205 900
246 540
75 900
103 1115
11 1130
409 800
220 935
54 525
390 937
96 836
198 877
161 739
90 783
259 1160
79 909
367 878
453 755
79 1202
435 533
299 909
140 550
15 741
330 929
110 878
189 1151
404 497
158 818
115 541
17 791
433 949
103 907
347 872
385 941
113 1133
477 847
252 737
439 811
95 747
30 870
9 950
278 929
414 528
248 936
394 1104
338 1088
470 823
60 920
160 847
60 796
282 1156
154 535
354 851
437 502
317 549
210 799
116 996
91 856
148 850
344 943
48 835
373 941
411 865
331 522
24 735
210 755
454 1095
21 1189
40 749
130 736
175 510
141 821
227 842
317 548
58 761
225 1130
139 537
434 483
459 873
286 810
103 1162
9 516
473 1073
455 541
24 878
412 951
409 767
114 1191
98 822
58 874
115 812
8 889
267 916
363 910
333 1127
50 950
186 909
85 736
36 788
129 832
3 740
407 822
37 771
105 543
51 801
416 757
470 895
296 931
3 528
451 535
461 1194
29 849
60 540
301 927
8 838
249 843
231 1079
21 514
303 914
390 1195
310 751
270 922
414 827
279 942
55 857
333 896
163 902
234 806
449 1016
115 902
240 920
364 758
57 913
303 501
337 845
269 1129
232 950
128 861
474 763
450 1196
327 743
265 1154
429 905
363 498
286 847
409 917
163 1157
107 547
213 820
203 856
76 819
455 946
45 816
325 893
51 769
410 830
115 495
367 927
18 881
39 543
473 484
272 848
84 749
259 938
258 1106
44 903
410 498
200 901
399 893
421 497
312 741
441 835
107 822
154 515
238 840
238 740
86 1167
195 801
416 874
268 802
476 879
209 928
472 832
204 948
416 830
247 672
85 843
207 532
163 926
38 480
472 851
440 1194
415 810
221 762
250 923
290 860
278 784
168 514
447 800
133 933
28 757
197 809
204 504
350 927
304 1141
31 788
157 798
84 772
343 783
347 745
363 892
445 832
62 861
150 764
184 860
94 479
114 523
409 1133
157 1170
119 545
374 739
98 778
375 1164
464 492
6 952
329 748
119 491
92 834
362 834
99 1101
29 499
240 897
366 871
475 920
133 1188
202 836
453 1103
471 808
298 848
15 935
370 741
105 897
280 762
258 931
453 788
268 774
150 897
265 914
322 1207
423 791
331 1069
165 918
243 862
314 881
441 545
13 912
52 482
10 940
371 899
207 478
83 1055
38 491
95 767
430 866
134 849
234 882
284 817
207 828
65 945
422 951
329 514
425 937
123 838
15 875
466 1142
420 1112
184 837
138 798
97 541
395 491
126 743
188 738
147 492
459 830
26 782
299 488
166 920
203 792
461 894
151 807
201 935
157 830
282 900
21 740
100 911
311 819
72 1124
387 1088
332 930
330 798
219 529
285 493
34 897
169 503
196 944
25 495
231 537
53 1128
440 844
242 815
104 916
34 934
227 816
131 876
315 492
192 749
41 737
13 800
35 1170
8 830
119 902
357 1174
167 514
20 595
438 744
279 902
126 550
286 775
133 778
64 512
425 520
141 945
217 875
274 903
197 782
275 890
174 802
268 942
206 517
254 782
227 857
194 532
176 871
182 487
429 499
428 731
68 515
239 860
388 796
226 890
283 952
77 751
145 826
64 952
118 792
424 518
248 809
110 938
345 834
125 881
371 788
152 930
159 771
381 932
476 545
33 480
468 769
453 531
78 869
392 774
213 528
9 548
192 922
147 856
53 515
1 611
444 882
466 550
129 848
7 750
394 752
60 1189
118 782
418 828
201 824
82 509
475 788
23 480
389 735
176 743
410 1134
22 482
132 884
3 750
308 918
198 920
64 845
175 762
158 1087
218 806
473 863
439 1083
267 481
259 948
96 776
149 508
92 495
186 893
257 1187
45 794
147 513
240 789
64 487
296 767
41 478
160 901
246 740
426 854
201 903
77 898
327 742
200 872
246 902
175 740
246 889
464 913
306 927
19 1084
182 893
301 897
474 1195
30 517
424 741
472 786
141 1118
118 876
226 798
167 1165
184 931
221 738
261 1185
367 897
382 869
140 766
145 824
123 1078
475 542
246 945
319 753
272 883
342 792
208 481
242 948
73 834
79 949
463 1101
61 927
55 517
446 952
389 926
11 800
172 808
456 479
255 803
459 766
305 818
161 1101
236 1102
277 853
196 845
391 839
17 898
220 510
289 877
396 530
120 861
290 875
340 1121
331 950
17 933
89 1115
47 910
453 1077
82 831
197 538
148 840
214 944
144 817
354 478
404 893
165 831
303 534
183 799
265 922
41 502
323 532
136 818
343 936
194 807
461 1164
6 945
230 937
90 822
240 751
11 903
193 1208
200 893
371 744
210 808
328 796
204 920
210 521
331 550
183 883
168 753
166 768
237 903
19 1103
100 513
114 853
350 507
237 751
371 778
451 831
41 742
140 518
61 882
229 945
142 1120
99 863
128 918
316 882
416 479
278 892
438 1157
285 932
61 897
417 837
278 864
42 802
23 840
223 524
370 871
100 947
183 826
146 884
84 849
171 1210
448 891
322 905
404 834
343 1198
275 780
217 852
390 530
33 800
219 547
342 490
269 1125
191 1090
381 1170
63 892
224 912
195 749
201 791
445 774
408 521
330 928
240 924
337 890
139 952
60 926
7 821
368 515
388 753
170 754
330 817
175 743
203 492
446 916
358 869
277 486
8 934
271 717
350 936
340 812
275 1114
325 509
235 509
471 790
253 757
286 789
154 881
404 924
32 921
286 500
181 843
284 899
443 937
58 922
209 1176
89 929
61 484
432 860
263 1123
53 838
231 774
454 1134
382 922
375 758
143 544
429 789
312 862
62 768
55 921
146 895
221 1183
290 909
355 947
348 883
203 772
170 504
48 922
154 520
289 549
356 756
151 486
363 741
207 845
409 888
36 942
392 505
297 545
207 791
19 1072
127 499
239 483
99 769
51 773
14 770
230 874
442 799
343 482
438 541
444 812
173 815
177 804
421 540
414 819
8 881
346 869
189 792
273 535
124 825
445 818
312 943
86 841
405 945
307 759
283 545
183 495
213 742
48 907
419 890
14 1068
174 743
135 760
386 843
53 505
81 750
260 1141
16 854
224 1109
476 813
54 870
80 809
477 505
105 1200
98 481
245 517
277 1088
128 939
265 1188
389 891
195 915
404 1100
6 882
73 788
307 542
194 738
320 538
34 487
244 899
355 862
290 918
109 825
71 904
453 861
297 524
305 508
307 1191
103 914
315 486
30 782
8 837
191 547
451 874
268 750
289 753
369 689
14 905
187 739
358 877
127 914
52 832
412 902
94 764
25 484
296 940
228 799
94 896
158 810
121 949
147 777
384 899
100 858
37 796
213 871
371 885
223 857
446 949
357 900
315 932
415 1120
323 765
413 753
142 874
305 804
226 839
197 776
287 932
18 935
247 574
206 812
58 545
156 827
395 842
338 848
258 817
268 549
183 738
134 507
141 525
283 1128
62 544
313 772
457 883
457 549
421 548
169 1102
76 812
282 879
465 830
232 500
432 736
343 850
8 875
35 775
101 915
120 895
134 853
291 909
384 838
17 837
53 849
79 891
154 929
316 1099
379 754
406 487
409 934
454 541
263 741
157 522
143 751
441 793
161 777
120 906
152 932
71 1178
400 802
138 505
159 943
337 747
268 891
111 778
385 509
236 916
139 779
81 742
54 765
284 1201
90 901
14 757
361 836
197 867
50 503
280 923
306 836
42 480
268 494
310 775
225 833
126 939
187 895
232 864
374 1145
311 767
146 768
11 513
400 786
237 878
52 833
161 487
348 853
50 545
468 514
115 798
207 849
475 501
109 1104
115 829
388 847
35 949
163 891
426 927
410 1184
328 479
2 754
104 1067
398 859
217 788
115 864
259 847
277 905
395 529
178 499
287 884
123 1074
465 511
386 873
366 749
129 1187
43 812
22 805
252 522
366 898
86 853
453 540
291 845
268 523
36 544
389 925
195 778
348 758
292 848
19 526
364 950
274 1207
301 883
217 918
170 758
190 831
396 534
475 764
44 548
201 809
245 950
302 772
468 740
419 1156
124 805
327 498
219 497
386 1194
159 887
445 790
84 1189
118 856
261 1207
204 528
108 941
41 871
353 1189
23 739
340 741
92 1070
388 890
425 1177
171 952
131 925
72 812
178 751
64 900
319 787
410 865
35 911
397 509
461 858
417 775
85 803
285 515
261 1065
107 826
44 1072
6 831
457 515
344 736
389 850
300 538
341 670
213 824
157 948
469 523
383 941
339 534
279 812
187 750
198 938
273 896
331 505
108 742
85 951
177 759
456 512
345 751
61 767
31 523
234 879
321 724
52 803
339 889
362 895
386 511
82 852
31 498
426 880
81 744
300 807
301 766
281 841
57 920
164 521
454 868
422 939
55 827
236 744
328 805
51 886
190 865
232 897
161 894
34 840
142 489
191 752
345 903
119 914
288 484
285 548
57 806
310 797
235 939
54 1083
192 1068
361 768
375 891
52 747
329 925
45 502
250 492
253 898
63 1166
437 924
161 788
279 1132
195 777
97 478
70 804
471 759
169 830
429 828
54 855
437 872
382 532
202 491
115 484
181 867
334 813
316 524
273 538
40 838
141 946
170 864
3 865
471 1177
367 546
382 778
279 916
325 809
58 547
159 775
111 503
471 743
275 848
201 774
198 848
337 750
132 838
105 947
137 1150
18 910
387 479
85 746
465 520
90 788
237 826
289 1152
80 1070
70 829
57 827
86 900
360 942
230 735
343 519
460 834
273 501
163 848
381 1152
192 548
135 883
171 885
448 940
259 825
127 915
193 909
101 807
21 1207
138 867
311 818
77 946
275 872
134 1185
279 1197
37 773
38 940
329 895
281 530
171 1096
297 761
424 762
77 915
60 1140
475 801
465 947
219 819
341 637
107 936
413 1173
154 874
173 548
34 921
258 803
339 884
347 1140
261 740
391 491
293 873
450 788
408 810
51 1113
468 771
110 1099
371 771
399 1193
336 809
76 532
313 778
92 773
71 901
117 1099
121 895
437 799
16 815
396 760
415 916
228 518
33 881
188 879
26 872
100 910
342 812
163 946
373 908
364 519
95 483
221 777
272 797
137 774
185 893
191 935
281 541
177 891
119 737
422 938
393 834
91 1154
317 875
56 485
3 895
110 806
301 530
387 842
38 522
0 814
50 868
186 1196
416 778
438 783
300 796
432 488
68 744
347 777
425 545
323 1179
324 1047
281 495
234 933
137 947
102 1064
78 831
158 934
364 912
314 794
152 824
327 808
225 937
9 754
252 789
412 931
253 901
454 1070
263 899
52 1066
0 542
87 759
31 826
269 481
275 489
11 739
448 485
55 547
227 845
238 810
323 536
25 736
35 907
166 1118
477 883
358 811
160 530
148 506
466 901
85 487
137 865
115 792
435 796
336 886
430 897
157 811
73 1164
343 831
131 491
288 863
477 899
347 1073
410 804
332 490
443 763
381 1169
195 894
257 484
135 892
108 1089
22 907
447 834
15 748
214 478
204 520
381 855
426 952
252 793
2 878
358 856
446 950
420 857
374 864
257 930
63 926
310 1084
200 1174
185 951
43 875
18 848
213 517
147 1200
433 810
121 912
246 891
184 815
465 871
165 822
55 866
30 862
432 1188
75 812
37 854
302 783
435 940
437 1103
390 901
316 755
31 848
222 822
278 493
354 823
424 856
19 952
54 1193
313 535
360 925
118 739
245 1153
290 1092
313 841
18 758
224 832
457 756
128 906
436 549
293 902
145 795
85 525
117 753
294 949
96 499
79 911
252 869
29 909
407 890
176 1101
156 740
439 920
283 890
153 828
290 907
310 502
181 832
64 548
98 885
340 792
234 490
112 747
43 889
228 759
78 901
315 828
81 521
117 1135
244 865
7 1157
203 877
55 942
392 756
238 545
170 833
444 764
218 831
408 879
322 901
289 523
96 752
263 921
123 1101
147 832
309 751
170 1125
240 544
226 522
127 835
346 1079
281 825
283 886
209 1186
183 739
183 491
344 508
51 766
461 821
60 812
128 485
274 1083
240 748
311 530
412 939
460 510
294 1071
433 891
182 903
300 800
166 906
374 850
280 773
409 519
443 859
451 766
49 519
187 944
146 1075
144 934
113 743
462 779
375 1159
387 926
219 924
286 920
221 833
140 790
387 907
40 815
338 1142
131 840
188 537
425 879
197 478
226 550
100 506
177 783
169 763
230 758
35 879
282 826
474 521
240 1065
311 911
87 862
182 909
278 528
317 772
372 839
223 544
245 752
272 884
88 924
447 1073
383 945
472 820
70 900
229 748
26 1131
394 741
242 950
12 575
38 1154
204 784
101 911
37 764
371 508
403 1054
423 812
353 861
99 833
250 859
310 1140
426 810
256 785
50 781
277 917
226 893
347 818
405 526
268 528
263 767
214 838
384 812
390 527
313 478
121 873
367 509
229 893
417 528
255 863
301 835
354 518
142 915
226 1096
364 478
419 916
408 884
99 778
419 852
227 788
372 897
326 789
156 875
317 889
104 828
75 878
446 824
114 748
416 921
409 913
223 869
388 759
431 783
362 762
313 815
383 756
100 846
26 515
367 1123
172 528
9 798
371 514
90 811
438 806
135 1182
84 526
76 946
13 1088
356 1106
268 530
89 803
144 499
222 509
379 897
165 901
147 508
218 815
62 860
322 794
327 752
302 857
352 828
302 535
136 882
348 498
19 946
473 935
185 866
161 544
399 753
352 1179
170 809
314 535
107 520
265 912
246 1152
290 893
408 896
413 1160
2 914
408 743
242 752
348 913
357 511
371 777
473 744
254 872
311 952
353 851
373 791
288 914
413 781
92 528
194 777
226 861
326 490
312 915
331 903
269 937
206 763
286 850
470 933
455 510
394 857
353 762
361 488
244 877
94 925
240 741
398 857
133 506
440 483
173 847
144 533
335 758
332 806
230 850
211 749
470 829
108 480
72 773
256 947
258 490
198 536
61 738
300 744
177 486
346 504
167 780
334 505
422 751
50 507
317 742
285 881
348 894
334 496
217 783
362 529
368 537
174 745
113 540
82 931
285 519
418 892
153 804
191 902
192 1122
405 1095
381 745
320 845
391 1105
416 812
439 1207
190 942
414 514
330 853
217 927
400 851
396 523
206 745
54 545
161 806
217 772
230 751
195 509
335 744
106 818
169 762
469 806
175 840
465 824
235 952
42 830
86 747
277 775
434 801
437 1140
298 893
426 819
296 771
142 756
293 840
108 900
55 1156
33 920
470 492
132 735
392 949
439 889
234 921
19 757
434 847
339 887
355 759
158 489
384 938
275 871
40 768
422 932
221 806
312 549
94 854
465 478
18 531
242 753
289 896
425 1081
46 566
407 498
2 831
206 799
329 786
67 931
51 478
52 758
147 546
468 924
381 906
63 864
52 819
25 866
177 889
334 1178
96 480
107 479
464 496
366 773
137 522
75 759
303 752
153 746
139 863
140 1082
244 931
179 505
90 814
288 926
390 525
456 952
325 879
345 867
314 780
10 781
306 479
14 518
97 1126
124 510
72 1147
374 800
172 938
352 842
244 906
114 505
17 860
144 518
360 1190
234 505
395 490
374 934
226 490
422 901
476 521
416 530
385 909
459 773
109 922
318 502
442 487
419 809
336 951
113 1085
45 1162
81 944
97 817
143 745
245 544
441 842
195 931
410 876
19 502
55 903
61 934
99 897
397 900
366 793
135 864
343 913
181 530
137 737
443 1150
253 811
264 635
464 924
111 785
344 480
167 805
153 521
175 1069
98 547
457 856
221 536
10 492
353 908
358 837
40 788
208 815
437 948
221 771
68 911
313 760
144 774
218 498
121 736
350 546
370 489
17 497
286 781
139 811
210 758
184 813
140 754
169 760
90 879
105 833
99 844
82 790
235 904
259 873
91 913
223 941
350 786
30 1073
38 530
130 748
54 509
16 950
170 757
24 773
161 524
195 1192
13 941
418 812
466 1186
284 517
370 800
281 1122
155 890
340 830
112 493
360 907
350 900
192 826
33 888
22 493
171 823
409 736
21 1204
344 750
47 941
155 880
395 1140
153 1201
78 872
357 748
108 787
384 518
426 478
95 872
243 483
71 500
3 1122
425 736
277 750
390 865
454 826
4 754
140 797
300 806
156 496
160 894
210 759
137 864
396 737
246 545
36 516
181 515
434 817
145 902
462 850
260 780
388 885
201 848
313 1164
164 935
308 790
71 815
100 936
63 863
408 845
17 522
138 1072
224 848
393 808
287 790
244 936
119 544
130 798
463 944
397 481
272 912
340 837
256 549
207 817
295 1117
334 932
28 842
18 525
379 1201
184 771
431 506
268 546
191 911
226 499
116 1019
24 881
205 543
302 1075
66 1181
400 903
50 846
79 788
110 1209
471 931
434 764
192 535
173 510
15 909
132 519
277 1206
441 480
32 847
142 760
99 929
461 825
89 899
187 831
242 550
115 950
131 798
149 847
53 512
386 796
151 895
473 738
327 820
335 854
229 1093
130 779
436 768
426 910
234 887
446 898
345 835
250 912
268 773
53 912
281 1095
393 753
477 1142
134 937
302 1076
112 1074
71 1083
26 1110
185 808
318 894
58 752
115 815
390 919
229 895
254 870
203 520
337 902
125 1204
158 946
293 778
343 762
342 1204
86 499
13 745
436 830
136 1187
254 946
263 1066
424 945
257 816
94 546
262 894
67 791
230 888
242 951
356 861
25 940
361 843
232 837
245 519
7 875
101 547
391 948
9 885
63 770
440 904
160 804
76 748
48 846
181 541
216 882
232 548
200 871
127 526
288 880
84 901
284 493
395 856
418 923
134 921
3 743
53 747
464 1066
66 1097
283 763
445 877
320 873
305 1205
299 904
120 761
131 747
382 783
23 925
186 821
231 807
400 821
117 500
171 882
457 802
133 800
4 775
114 478
139 792
260 847
382 1159
433 1183
337 482
148 917
358 785
205 806
133 769
339 772
63 842
330 750
152 506
406 824
346 856
203 748
149 778
11 1205
68 775
201 751
101 936
262 834
442 789
442 502
92 745
425 951
335 755
147 774
219 896
333 866
217 797
387 500
141 478
387 765
446 1068
296 742
28 835
285 798
340 949
161 519
470 759
47 759
181 872
111 483
109 1154
219 507
412 775
8 522
397 483
22 1158
318 1172
304 868
56 1073
408 514
200 741
222 522
141 830
110 539
429 824
394 518
32 949
179 1109
433 795
258 1208
256 513
414 1184
133 847
29 884
343 910
34 900
50 1165
197 890
466 930
159 521
58 909
92 855
296 522
232 1171
322 502
88 815
352 930
88 1107
239 791
396 486
439 538
38 498
315 499
379 744
153 808
86 548
148 833
244 897
316 837
34 538
163 1166
381 867
313 745
433 805
175 901
73 880
213 1091
308 491
288 850
420 1176
123 740
282 853
260 513
42 1127
234 886
144 832
311 799
302 947
136 812
62 852
392 817
268 763
418 535
257 1109
160 942
352 850
66 934
22 772
304 872
291 946
240 762
281 526
99 946
214 765
244 866
365 646
226 810
320 787
294 777
256 483
309 863
409 832
243 1181
406 785
296 778
429 874
0 1178
81 748
106 1125
351 965
465 885
109 886
344 817
273 849
303 526
101 888
206 826
82 809
166 742
37 1154
254 883
127 1127
296 941
463 798
430 735
168 531
207 821
455 766
273 489
435 1127
257 910
336 927
404 753
62 739
255 849
218 1189
255 1123
336 823
198 930
157 1206
192 1174
95 863
476 735
36 859
202 928
135 1099
149 898
337 811
256 835
383 865
208 500
472 1159
210 901
160 950
466 947
304 923
322 806
329 544
88 1194
55 822
256 769
272 1119
411 743
78 756
437 1141
277 1179
223 923
470 818
108 1201
302 1180
151 798
426 913
425 907
47 525
67 838
81 813
178 925
475 508
259 505
189 509
49 842
192 805
287 942
438 739
86 852
404 736
352 922
444 939
277 864
150 834
408 1102
446 497
440 493
265 933
132 860
210 485
188 1082
166 925
262 760
6 774
465 938
88 767
393 1210
410 1206
152 845
276 1008
283 902
465 754
304 545
28 522
109 803
179 928
168 1167
31 492
163 799
332 933
274 890
97 747
125 901
260 907
457 1168
156 1066
433 892
366 836
210 816
43 942
298 782
189 541
416 805
310 817
275 831
288 876
186 877
248 546
368 1109
218 739
88 528
160 850
362 902
386 804
448 856
80 883
435 807
164 1131
216 922
178 773
314 1152
120 852
303 1192
182 756
360 796
304 789
50 834
189 886
123 862
310 493
42 806
205 490
282 916
407 783
413 934
179 768
63 480
52 811
90 542
158 764
363 1186
59 492
257 515
466 1181
73 824
218 541
86 1181
13 892
261 743
178 522
301 791
379 877
242 497
9 740
143 797
363 795
333 523
227 924
350 1176
64 801
368 1197
132 919
325 910
292 481
253 761
185 509
393 864
239 885
198 1176
459 794
266 721
156 893
192 517
248 1144
370 900
367 529
38 857
441 496
304 546
446 1189
160 829
332 827
475 848
268 926
456 537
317 871
393 511
399 1129
393 922
104 947
348 501
395 940
52 1170
353 493
335 782
37 847
157 853
408 891
30 1080
50 1118
350 746
105 740
472 535
134 543
328 496
216 831
19 492
122 1026
430 934
349 904
347 495
245 900
39 767
284 541
354 886
100 794
88 925
270 813
289 914
178 906
423 874
301 510
124 851
265 737
281 781
224 1152
225 749
282 1065
82 894
476 759
198 923
453 1161
159 548
344 925
373 510
450 952
257 517
343 826
36 852
239 482
451 751
25 771
419 835
309 773
292 776
73 505
85 520
168 888
334 541
291 773
434 868
270 791
343 1192
170 821
234 748
437 882
414 767
447 817
399 1111
252 873
19 760
470 857
412 528
406 851
35 539
205 936
326 850
60 1186
221 866
63 760
152 916
345 822
299 819
463 531
71 925
255 840
92 887
273 852
267 870
94 780
123 532
448 805
279 899
127 949
296 538
302 514
65 1121
57 533
382 748
48 758
85 532
171 922
312 865
211 920
63 813
91 792
19 881
318 943
371 760
222 824
166 780
57 535
367 950
303 547
476 480
352 947
370 918
142 742
373 735
271 999
420 859
371 505
353 549
406 888
439 508
111 830
141 936
79 776
15 746
329 492
466 1185
418 1099
201 1193
405 525
86 534
413 479
147 900
366 1115
312 832
425 1192
17 788
228 903
222 921
366 501
451 1186
472 847
158 932
425 856
373 741
284 550
265 761
391 837
149 841
49 536
186 876
473 509
80 538
473 1087
58 511
17 750
359 1020
386 883
236 915
115 490
56 786
77 532
346 748
104 899
143 934
216 821
341 617
326 1188
204 1207
362 890
472 494
173 540
67 792
2 952
246 848
327 1131
343 808
295 889
194 739
126 751
73 1153
101 794
475 908
374 775
198 857
59 1180
231 737
455 530
245 913
32 743
373 512
319 762
79 821
441 802
165 529
108 495
85 797
236 891
466 852
156 884
434 773
117 917
313 859
454 842
472 889
60 865
155 841
137 815
204 797
133 503
223 930
381 515
232 932
407 922
475 808
142 737
86 950
203 924
270 816
74 693
384 1127
86 891
214 872
348 778
393 1172
50 518
309 501
14 755
469 484
95 868
94 514
453 916
287 1182
399 826
342 921
145 501
459 748
8 504
65 820
399 845
277 481
111 812
447 516
383 540
3 537
140 1196
399 798
356 910
220 781
383 480
24 753
243 842
298 901
67 503
151 928
192 810
461 874
317 1166
285 887
453 896
426 777
223 1084
138 1199
7 759
362 522
356 521
270 1077
474 743
238 1094
142 828
239 870
81 793
52 505
64 504
308 929
473 757
123 1178
66 935
147 940
3 518
118 515
77 950
279 775
372 1112
189 1157
89 852
218 482
217 837
221 785
50 952
442 1099
119 912
228 528
473 762
140 752
31 493
358 1183
453 1133
19 832
215 1048
395 1069
167 486
363 852
383 924
429 832
194 784
305 736
466 541
360 1195
209 754
269 887
260 1191
112 750
356 867
388 912
130 517
165 484
379 1204
445 750
232 760
437 507
356 862
219 1127
66 788
441 907
42 869
308 855
107 882
206 1076
198 541
24 511
226 889
168 884
34 823
180 603
404 538
232 889
437 879
342 747
220 799
61 923
197 866
187 861
123 805
34 1076
89 809
316 905
9 1152
334 491
315 1195
361 883
326 916
94 886
26 825
85 492
183 522
197 922
299 747
256 1198
148 910
8 868
292 823
44 945
189 811
156 913
135 857
86 944
51 1190
40 548
29 1078
238 909
100 538
161 1129
144 787
345 483
423 1070
114 928
263 497
405 931
94 908
159 789
200 875
91 534
439 803
54 740
457 818
138 917
474 846
397 934
425 878
379 1182
201 773
9 873
368 941
43 493
317 498
109 885
217 765
410 750
54 1105
293 905
128 1143
269 882
302 762
167 934
393 795
257 513
56 479
110 783
92 488
154 495
235 506
163 1145
461 902
417 762
319 851
371 871
362 747
375 1199
81 1133
60 938
350 860
30 1138
418 787
15 872
187 824
55 500
209 524
53 787
166 1194
434 786
165 857
117 546
409 501
32 528
187 1096
471 865
303 760
29 1176
284 882
176 794
408 1144
254 1143
190 498
344 951
372 919
7 860
275 1117
62 1118
453 765
284 781
26 943
56 1188
8 738
81 825
411 543
398 536
431 810
373 943
177 830
325 895
125 740
43 830
434 756
322 492
230 503
79 1100
345 742
28 550
13 1172
165 738
438 539
277 539
243 845
253 859
463 742
200 735
25 768
21 793
414 903
118 517
37 1146
354 493
114 540
90 874
124 950
385 770
86 764
235 919
245 883
78 933
183 740
29 550
152 889
7 857
413 786
421 1202
82 921
59 511
364 921
93 671
91 483
338 949
319 853
472 819
92 919
372 1088
326 781
10 876
72 841
100 757
106 539
18 813
59 755
430 810
469 902
260 821
285 863
354 847
93 955
191 826
406 837
98 755
169 916
433 545
298 491
375 754
161 1106
218 903
255 833
181 840
420 834
381 856
302 950
129 809
156 514
245 1201
131 930
419 898
288 490
415 742
291 544
235 948
103 892
422 761
328 893
189 518
344 497
375 1145
16 1189
415 744
437 900
139 1065
313 878
120 780
364 532
47 746
317 909
43 848
294 937
133 917
337 829
259 874
145 799
474 775
325 836
86 1157
334 515
353 545
135 865
118 1140
127 515
259 743
40 1194
410 493
265 944
331 538
50 927
370 909
23 784
445 824
394 945
254 528
79 827
161 793
361 938
287 908
34 816
272 550
239 890
9 805
14 948
443 936
15 505
187 767
90 1094
395 901
120 775
432 755
246 548
338 777
135 816
363 879
442 884
47 798
448 534
400 543
438 501
232 919
198 915
269 531
47 827
291 926
355 849
400 778
62 735
36 481
477 831
139 534
354 541
285 898
96 767
381 793
101 531
117 936
220 804
141 776
178 854
327 735
175 925
333 776
466 932
412 1089
38 1152
62 741
95 941
440 550
316 922
192 520
0 1136
79 506
26 930
142 898
347 751
267 917
113 800
258 764
211 750
45 844
476 479
360 931
288 504
450 951
223 493
316 1113
261 758
346 816
32 918
42 844
77 740
91 537
154 740
228 520
396 930
233 1014
456 792
67 765
367 1145
344 489
229 837
34 480
252 533
211 1133
139 1067
282 759
177 1122
319 548
230 814
119 812
171 909
125 749
312 917
143 876
361 896
120 800
468 1100
433 799
211 845
42 541
460 765
4 908
304 530
203 780
169 834
421 522
257 1177
371 485
188 1165
260 824
81 516
433 925
353 922
339 906
304 790
430 512
318 795
318 818
441 512
97 1164
15 830
121 1082
358 742
214 817
379 495
337 882
168 790
2 774
311 501
435 949
292 828
267 940
232 773
396 796
6 931
103 507
419 745
109 929
99 503
399 1182
231 886
136 888
2 751
327 871
471 540
115 498
155 925
200 1173
345 931
461 857
460 1155
477 941
236 514
96 887
227 521
240 1101
113 776
100 855
273 889
366 897
63 883
420 752
41 856
349 1073
105 871
184 891
456 878
236 830
110 745
7 538
231 844
411 807
35 1148
0 1159
16 1207
443 952
9 832
6 1174
53 914
311 768
182 811
450 914
71 522
293 816
413 549
261 867
41 813
407 495
152 486
411 949
177 507
10 803
143 1076
416 875
109 736
381 740
259 1110
80 938
292 757
345 850
319 488
263 922
432 497
303 933
445 1088
313 491
239 752
35 781
203 519
328 767
96 1158
141 831
398 1170
149 945
447 1137
167 832
289 793
55 861
441 484
234 833
87 817
320 928
161 542
219 833
42 858
361 513
57 900
443 878
375 811
94 548
73 756
105 1118
167 879
278 744
471 797
229 487
301 950
279 901
267 867
84 755
103 818
344 920
101 544
290 871
264 976
347 900
61 830
403 957
430 482
192 543
150 480
225 858
53 853
450 800
176 1170
16 1105
288 495
415 512
72 898
282 497
55 932
257 866
237 743
41 792
120 880
217 544
328 814
128 809
110 502
40 526
210 933
255 1080
432 812
124 822
59 482
282 869
443 935
4 539
73 872
253 493
42 888
89 793
338 1136
176 772
194 1088
365 1035
462 858
22 758
389 1188
63 1183
306 1171
32 784
265 894
23 1070
222 753
2 482
275 830
65 923
431 848
232 876
137 1146
27 559
449 694
281 539
468 745
11 1198
461 852
195 1187
32 885
231 847
151 842
62 886
165 797
393 824
305 1193
302 1187
81 780
334 539
64 895
96 768
261 749
371 550
457 546
133 894
464 800
61 527
128 800
292 901
19 543
416 838
346 794
286 538
168 947
193 774
291 759
237 794
255 481
108 529
68 950
379 1099
25 883
424 512
158 535
242 908
435 750
309 899
267 882
247 1007
136 755
81 816
331 487
346 486
250 773
477 911
331 883
290 836
213 900
59 887
224 513
308 743
16 1165
41 882
257 491
179 519
127 1192
257 746
138 1068
102 1057
363 540
145 947
146 890
177 546
183 892
184 811
103 516
108 791
441 542
345 513
114 939
130 814
300 529
59 771
318 790
127 775
176 889
125 530
59 901
301 799
269 839
455 749
95 1098
318 884
49 1082
230 488
70 891
86 948
109 909
252 901
360 1139
13 910
249 807
166 922
78 492
149 905
280 800
299 770
26 904
451 1178
452 1031
460 743
206 524
30 498
422 838
312 896
456 936
414 941
60 498
192 478
184 749
159 777
104 765
414 868
201 899
419 884
418 1100
375 744
417 785
410 1209
139 803
285 797
456 501
104 752
201 831
280 782
345 887
151 1186
203 1143
0 742
268 884
392 739
154 1074
405 799
400 915
156 767
250 927
383 863
80 774
404 812
460 950
281 768
299 855
138 882
191 482
202 736
130 1181
137 1093
436 1194
19 926
441 905
148 1199
449 957
120 1134
381 489
66 926
210 550
315 939
150 769
398 898
110 827
38 842
72 752
415 788
66 482
416 782
208 872
424 903
89 836
201 1139
415 1181
158 763
236 938
9 1070
77 910
287 769
383 901
353 544
411 1154
204 816
146 743
186 927
88 951
187 528
145 794
446 845
161 501
154 808
438 928
119 1207
118 1113
52 944
314 1092
332 791
8 751
28 927
385 484
167 843
162 960
348 811
388 1077
314 786
339 764
462 522
339 743
229 818
431 784
436 534
39 785
357 495
139 740
444 855
190 866
355 924
417 826
175 507
428 688
443 863
286 510
374 793
475 944
423 948
11 885
399 855
57 815
130 889
420 755
76 1131
113 1112
270 901
142 902
106 931
21 541
235 852
81 745
37 951
27 640
47 807
144 508
383 1112
112 837
316 896
397 774
214 931
254 893
220 880
191 863
3 777
301 494
41 538
268 865
193 1187
103 869
62 545
135 873
407 938
167 915
156 1128
279 543
270 840
154 487
12 624
87 773
132 782
392 905
308 740
326 492
366 944
408 809
164 786
470 494
296 860
106 937
257 525
169 881
267 949
82 502
185 528
440 939
227 878
144 838
279 1134
320 1144
235 1112
30 831
240 1154
254 917
415 766
124 922
362 828
395 541
151 822
44 750
164 480
78 952
390 1085
173 499
475 809
470 854
124 876
115 818
305 873
198 929
26 915
252 1183
31 863
118 932
126 817
60 485
337 792
450 1191
176 766
205 868
211 761
15 518
261 902
115 519
56 917
48 828
54 936
31 802
4 1173
436 773
163 532
362 879
44 767
474 519
418 912
129 769
408 892
294 515
299 486
328 875
354 1111
390 860
409 550
370 514
6 486
454 939
464 540
277 1210
175 853
294 524
384 923
306 907
291 1072
357 1158
291 807
216 809
315 860
458 634
320 497
117 914
172 741
328 516
54 1152
278 755
90 902
63 907
442 929
96 824
85 946
87 543
36 1132
326 740
57 484
373 514
146 817
299 812
260 1195
124 534
163 501
65 542
24 745
200 881
177 1144
477 950
0 949
300 894
32 1203
412 752
91 810
11 1179
106 879
468 735
438 784
453 513
159 523
151 542
121 530
50 842
390 486
331 1086
438 517
320 532
123 800
245 785
273 508
464 505
71 937
186 873
109 1068
283 1138
13 772
312 906
396 865
57 505
108 859
462 751
265 1138
279 934
198 1088
242 899
182 823
223 1197
29 1185
226 513
242 491
165 1209
301 935
33 751
382 800
244 914
389 765
184 1157
135 938
60 941
348 1120
343 747
154 779
450 896
23 844
468 817
311 922
340 826
155 539
290 947
88 911
193 752
436 497
88 759
235 744
190 489
313 827
25 858
425 825
119 807
26 856
400 491
78 937
7 534
311 893
200 936
106 1161
239 799
243 933
115 1142
41 528
317 891
268 761
211 880
327 510
413 951
52 1103
191 940
242 893
464 520
270 836
252 1182
205 893
16 951
166 545
374 489
112 814
85 863
450 763
436 1130
306 776
148 496
107 489
383 935
439 826
330 893
415 939
315 488
67 914
400 877
272 844
71 489
291 779
186 850
134 941
39 837
414 889
191 907
113 887
214 869
416 814
355 904
450 877
214 926
194 865
460 488
30 905
21 782
315 810
13 937
309 1183
128 763
167 841
129 806
125 483
327 520
272 485
22 524
469 890
245 793
315 885
296 503
243 851
11 1115
437 1116
431 819
423 742
294 804
33 519
416 919
267 841
204 543
53 549
353 479
141 818
55 747
131 508
200 532
474 744
43 940
195 797
326 521
469 798
400 739
137 806
174 820
460 894
159 1158
33 790
31 509
468 758
344 1097
318 807
72 788
399 802
13 1194
227 783
404 535
464 937
448 523
329 844
39 925
390 743
153 814
185 738
146 937
160 826
84 491
252 532
245 783
228 500
202 857
104 927
73 930
444 822
117 533
337 488
305 1208
134 847
148 837
135 545
181 922
363 755
210 744
430 817
446 834
108 835
280 549
347 929
169 537
128 1114
419 528
212 1036
141 547
193 735
413 499
350 502
71 493
304 803
90 791
230 768
144 517
396 880
8 537
468 802
224 951
434 816
9 760
177 884
172 822
477 858
98 1166
240 886
331 760
308 784
130 795
200 1165
262 1137
141 496
252 792
14 538
106 819
40 931
130 1205
143 744
283 799
132 1143
179 810
293 496
383 764
100 1167
214 487
255 1151
119 884
442 932
88 856
176 1066
390 804
277 927
95 1171
61 537
280 756
459 858
124 536
395 913
181 841
400 501
166 842
56 834
47 901
55 786
288 515
306 831
104 740
8 873
63 488
451 1131
370 934
112 914
367 879
66 826
417 1189
240 853
261 805
425 900
36 937
376 614
184 497
350 945
387 820
419 889
472 839
186 847
97 881
230 496
315 489
278 773
203 757
274 925
23 1166
441 947
153 1202
31 529
294 764
189 762
21 947
175 763
123 1070
455 883
455 808
131 936
79 929
213 768
112 920
18 1189
42 889
444 909
337 515
218 827
231 1191
390 785
407 751
476 806
192 868
11 550
124 881
208 865
186 950
393 892
294 735
62 906
73 840
62 819
139 507
356 900
108 938
222 896
255 767
462 543
346 528
332 756
65 943
429 916
202 743
289 774
420 1151
451 856
442 880
240 895
429 533
358 747
59 735
51 777
423 794
16 518
190 1098
234 1130
168 828
300 530
399 934
308 759
114 924
114 757
98 833
256 859
249 833
139 919
398 809
344 517
135 855
470 778
8 902
52 1180
435 541
360 804
138 539
301 774
315 495
3 803
191 868
11 850
35 1096
200 743
225 1096
263 479
159 904
120 543
353 754
66 531
474 935
18 903
137 1192
405 917
350 759
397 929
84 759
253 775
38 909
419 527
238 911
457 744
404 527
331 890
386 1155
299 848
136 1146
164 902
395 1144
323 815
327 912
327 749
235 923
289 867
170 880
106 905
347 854
157 886
105 530
338 850
33 834
155 863
0 907
346 533
243 857
356 873
128 929
140 1072
12 969
15 774
459 902
44 905
149 1147
125 781
144 908
177 929
148 1187
249 828
211 840
47 496
345 738
58 903
390 735
395 927
292 519
22 814
239 1078
344 537
111 752
24 929
379 920
141 502
208 840
151 843
342 510
425 772
204 800
200 792
49 1068
204 480
426 926
434 1161
325 768
295 542
262 917
236 913
437 860
310 1168
171 528
135 934
60 795
274 1210
118 526
211 797
303 809
169 492
433 755
158 772
176 499
261 505
61 920
433 931
344 740
283 861
472 1105
364 853
223 875
463 810
106 532
170 506
441 812
323 757
286 779
143 925
73 831
296 741
39 534
196 510
349 783
362 523
421 787
437 867
75 532
87 479
273 929
354 871
463 882
473 753
333 882
143 879
348 746
196 915
201 1178
262 829
129 1065
420 1153
145 871
454 492
383 905
205 869
45 1112
17 859
79 771
24 931
444 549
470 737
294 943
205 813
234 1202
362 873
126 525
210 746
439 741
100 844
207 788
439 805
245 857
68 1144
87 749
302 489
131 495
432 545
168 820
182 801
388 925
272 543
95 810
148 1161
356 831
88 938
310 781
97 1152
358 824
421 860
143 773
417 536
366 751
57 485
447 777
407 754
270 803
155 900
164 1149
103 920
36 944
204 496
126 528
465 936
329 779
432 803
477 1209
148 760
306 885
60 837
258 767
227 808
183 806
235 910
126 512
21 795
336 831
55 944
231 484
336 776
304 768
393 911
324 986
418 523
471 919
68 827
430 519
281 509
120 758
90 846
177 509
243 778
127 788
235 949
196 926
388 867
3 535
212 1026
104 848
204 526
323 1087
462 875
389 779
218 918
456 1165
299 521
334 925
236 546
77 531
222 1189
179 512
169 835
50 787
181 544
373 799
155 1097
184 503
125 883
91 890
320 896
64 785
148 823
37 850
392 1200
40 945
11 531
91 1190
460 518
366 835
49 903
438 880
436 901
296 819
311 1184
309 898
226 754
468 479
176 746
19 823
132 925
142 868
195 527
372 890
216 896
338 778
313 797
357 894
63 789
36 1183
329 906
15 821
354 892
176 506
465 774
362 755
319 894
455 836
22 808
103 789
299 862
406 1089
472 793
461 520
295 791
176 503
63 786
123 509
249 923
3 800
131 842
55 844
148 540
192 905
310 811
256 879
249 495
143 737
304 834
143 1120
160 1083
188 481
339 1204
266 597
411 809
135 902
328 751
21 522
171 1158
347 775
15 922
343 764
385 824
29 846
346 501
287 505
303 843
384 507
218 788
462 922
454 741
355 782
239 919
98 930
248 767
326 784
129 944
159 1100
477 908
322 765
289 939
468 829
420 847
173 735
260 851
471 948
389 537
340 753
354 844
120 520
235 1113
103 528
270 499
332 824
65 907
177 844
433 850
347 746
414 871
147 892
399 748
154 838
189 1078
304 1136
176 941
205 790
3 772
208 1082
209 838
145 910
59 800
57 761
98 492
221 1087
4 831
211 829
343 784
423 863
367 782
179 941
231 872
16 885
434 883
404 892
401 685
80 1123
166 794
77 509
375 1196
14 946
406 877
0 547
170 743
53 815
75 538
230 892
94 746
128 896
294 903
117 750
335 942
352 879
361 922
90 866
221 858
99 512
50 809
262 832
335 938
2 903
389 520
123 503
153 826
32 1119
355 873
76 867
257 737
173 883
31 907
393 869
433 926
111 1089
137 1158
82 1198
156 839
445 812
460 489
220 517
141 504
356 1151
373 778
118 893
110 536
28 843
257 752
25 805
189 808
190 1206
446 917
182 901
174 832
303 765
292 506
188 853
439 929
10 1159
126 886
43 1200
445 909
219 881
115 735
354 520
414 1157
456 930
302 494
430 504
108 507
49 507
128 829
121 915
112 866
224 905
275 818
133 792
385 881
304 501
367 503
335 1130
328 940
308 1143
312 540
426 763
462 1109
35 772
63 880
185 1069
416 848
104 930
52 947
158 829
338 772
286 853
58 875
433 815
70 747
145 540
412 900
88 481
367 844
414 892
450 853
171 1085
368 749
157 761
392 947
161 878
165 535
338 851
219 773
117 823
289 765
451 1182
75 778
173 924
318 801
101 847
111 541
364 1137
421 924
23 782
374 831
466 858
240 1088
308 864
464 863
360 786
60 753
48 883
281 826
116 971
189 893
395 1161
193 841
68 893
106 949
121 939
456 858
262 800
172 820
391 899
107 844
405 741
432 527
303 824
299 516
142 891
432 940
203 934
72 799
223 909
132 535
456 482
213 804
231 506
326 926
389 758
335 539
347 1086
98 524
385 500
29 899
278 848
187 905
448 886
156 807
257 497
270 850
353 738
155 787
195 1114
218 876
138 841
226 792
258 1171
128 794
159 914
145 742
415 800
390 529
466 1162
352 893
245 784
284 873
172 736
19 865
227 542
434 535
120 538
0 923
86 781
448 789
149 742
443 546
85 808
105 920
413 858
185 875
288 752
470 1110
66 496
52 519
130 743
38 891
398 539
384 808
10 930
294 495
308 518
430 814
64 539
273 924
142 781
332 950
299 910
53 540
262 519
329 917
45 804
157 802
10 829
405 496
295 490
348 491
261 518
95 493
15 794
316 806
88 741
262 771
82 1113
193 865
6 920
100 804
36 882
297 872
424 479
434 838
21 539
450 1182
72 1178
206 873
167 830
412 765
218 1149
206 1197
238 792
382 1165
25 822
62 824
23 952
36 1201
91 791
391 1140
206 1190
357 1141
43 1156
298 809
109 800
138 772
304 523
329 926
106 801
210 495
158 742
34 881
425 1203
360 935
262 838
127 517
178 538
474 942
134 743
141 841
345 941
265 943
41 854
444 1120
462 736
113 864
395 907
417 504
216 883
164 512
287 750
325 1155
63 1199
80 940
462 851
85 822
384 817
338 857
39 908
214 1118
410 895
288 780
285 940
260 807
354 1116
451 808
319 902
299 1084
430 912
274 848
346 752
25 832
354 912
143 1075
257 775
472 942
361 892
21 819
136 813
451 815
475 855
385 908
402 956
470 902
148 872
308 1108
44 857
135 939
354 927
250 778
192 853
131 829
295 817
439 1137
354 774
418 1095
299 511
419 742
70 945
136 884
7 751
171 879
405 1100
286 1065
246 480
355 758
158 879
11 823
395 486
236 520
48 821
206 919
183 1132
193 928
170 839
81 499
308 946
367 848
78 903
284 915
238 525
76 779
304 865
169 780
104 849
275 813
107 772
24 1151
184 819
123 528
103 499
189 828
32 1124
167 507
421 891
399 1075
258 899
274 762
429 794
16 483
259 818
248 822
118 539
157 1106
255 882
64 933
161 923
184 762
155 750
382 1121
110 485
13 944
362 864
263 913
395 509
203 1095
95 919
319 910
49 891
223 861
327 771
355 913
219 863
137 535
87 934
38 837
157 933
294 799
11 1113
384 523
0 792
315 758
295 932
464 530
328 1120
381 542
39 907
307 751
371 902
398 784
131 775
290 497
277 931
85 512
310 1209
461 738
468 809
322 503
258 811
289 508
328 737
28 1112
314 888
19 932
112 523
405 782
29 830
465 1139
66 849
51 1116
281 745
63 1142
348 948
7 1201
340 747
387 887
75 771
309 769
140 803
380 1011
304 866
66 847
274 868
332 1130
200 836
278 760
126 830
21 876
291 824
51 787
395 765
2 790
178 910
356 1075
291 827
119 1098
223 845
454 851
360 934
327 934
30 1084
223 880
94 1130
427 711
258 887
67 944
386 490
389 816
59 542
391 756
30 876
245 486
130 856
62 818
429 853
312 916
410 789
206 1084
103 847
119 842
272 849
254 866
298 843
274 824
56 836
286 807
373 919
76 945
450 830
379 1074
88 539
445 931
146 866
70 892
127 910
258 877
167 839
157 919
184 773
446 870
295 863
90 531
163 940
346 743
189 505
383 532
314 498
41 547
465 844
81 1189
168 755
219 521
113 503
196 822
394 759
196 925
265 1133
384 1209
148 1157
73 894
333 841
34 1168
222 946
18 816
154 804
455 1186
451 484
181 817
375 826
123 894
2 547
436 528
284 864
283 749
142 775
188 893
14 522
201 537
274 872
398 899
436 899
256 786
451 742
56 528
216 928
358 871
443 887
405 905
111 783
110 931
441 478
354 498
438 882
70 768
474 944
123 781
155 848
290 495
138 508
146 889
156 1084
394 483
407 853
364 835
302 758
445 493
283 511
415 869
78 907
443 789
344 800
223 511
469 928
190 823
167 902
309 839
421 482
293 909
274 530
332 755
240 479
347 782
130 539
128 863
398 782
346 1123
363 789
331 870
333 829
7 1081
304 841
28 830
270 744
362 883
111 937
36 758
282 871
425 905
26 521
381 816
177 485
440 884
163 524
19 1124
281 816
97 1153
312 1149
80 830
386 1136
18 858
100 550
398 1200
62 889
475 828
393 813
210 811
240 521
29 897
56 503
426 781
394 933
183 497
311 1100
260 489
470 754
469 778
385 854
330 1208
224 827
286 797
345 905
415 824
408 765
163 835
52 932
256 883
165 936
472 918
451 790
226 748
337 904
371 829
445 766
448 907
191 748
4 741
225 494
75 1166
224 886
58 787
263 907
61 759
282 891
426 815
48 1186
261 928
385 852
271 988
209 1180
368 898
98 785
405 771
404 811
391 887
390 1143
