34 501 1068
33 504
1 47
13 238
25 413
24 381
20 332
13 236
10 183
28 434
32 495
19 319
25 410
18 303
20 324
10 158
22 369
29 472
2 56
24 385
33 522
19 320
9 175
12 207
3 71
8 148
19 336
30 476
21 366
17 274
21 341
26 421
32 528
11 196
1 54
33 529
26 410
18 297
2 34
2 60
24 376
11 207
6 106
29 486
17 296
4 77
26 427
12 202
8 136
4 96
20 314
24 394
22 344
32 534
26 428
32 503
29 484
30 471
28 435
10 164
21 361
22 345
21 349
25 424
1 40
7 130
30 454
29 479
33 491
19 312
7 128
9 180
15 255
29 481
22 365
20 336
26 412
1 44
32 489
6 110
33 512
13 244
7 154
0 56
14 235
8 133
21 356
17 286
3 78
31 459
19 322
22 359
0 47
33 488
3 77
19 328
8 127
9 178
26 399
3 67
32 504
9 171
2 62
7 144
30 465
2 54
26 414
7 140
32 490
18 302
29 456
18 274
31 467
24 375
11 193
18 281
5 125
32 531
32 498
31 479
21 339
9 181
23 393
30 481
27 436
1 51
10 177
23 387
28 441
19 308
20 326
31 465
19 327
18 284
33 515
7 153
22 341
6 111
8 139
31 472
2 50
3 85
26 417
16 262
26 419
23 378
10 182
20 334
21 348
18 290
33 508
4 65
11 194
30 483
26 431
33 532
12 210
17 297
20 317
19 325
15 250
31 469
33 523
18 291
2 58
17 307
18 286
15 267
13 219
1 35
13 220
29 454
23 385
13 239
14 239
28 451
6 121
29 461
32 524
2 59
32 519
20 327
5 109
10 180
1 37
13 215
13 243
19 309
8 135
2 39
5 121
28 444
16 271
29 455
5 104
31 482
22 363
25 429
9 169
26 425
5 113
26 426
33 526
25 399
26 401
4 83
17 276
14 230
7 150
1 36
3 66
8 138
26 403
17 306
6 109
31 460
27 452
2 40
8 157
18 283
30 466
6 123
32 514
3 90
7 141
9 184
3 95
19 311
6 125
0 38
1 39
7 131
27 451
6 113
10 172
11 197
19 335
4 86
23 395
32 491
33 516
0 51
14 215
11 210
20 311
30 472
21 369
16 259
4 66
30 459
23 390
13 226
29 458
26 432
20 322
21 352
30 468
26 402
3 70
32 501
9 177
17 301
28 433
24 374
32 488
7 142
31 487
16 260
16 252
25 398
12 197
14 222
29 463
29 460
25 427
13 233
2 64
17 303
17 304
2 48
30 456
5 124
9 173
32 494
32 520
29 473
1 59
23 392
20 329
25 403
33 533
15 261
2 52
16 266
32 506
23 391
15 249
19 318
28 443
28 447
3 86
21 359
12 194
22 372
17 288
32 496
16 255
2 46
28 448
7 137
22 356
4 97
32 493
23 373
13 221
9 183
19 323
11 187
31 473
29 466
17 300
5 118
14 244
11 209
19 324
18 296
8 147
16 246
21 344
1 45
24 396
19 333
9 161
25 404
7 147
0 42
17 277
29 453
21 372
9 170
33 517
23 374
6 118
19 331
7 127
18 305
25 414
17 302
18 275
0 43
2 57
18 285
6 114
2 35
18 304
33 528
18 294
27 437
21 358
15 256
32 510
31 474
19 334
13 245
15 262
21 365
3 68
11 198
22 354
17 283
0 41
8 154
3 99
17 289
29 464
26 420
9 165
25 416
14 229
6 124
11 206
12 191
15 271
14 223
11 213
32 532
33 506
0 45
0 49
6 112
0 44
4 93
19 313
11 204
25 418
3 100
16 251
18 307
3 87
30 461
1 50
22 358
28 452
1 57
23 380
27 442
31 468
18 299
29 468
14 241
1 34
5 114
12 205
25 408
0 61
22 339
0 63
20 313
12 189
3 80
29 483
31 466
13 223
20 323
20 308
31 471
14 243
7 156
4 75
18 282
13 234
3 102
0 53
27 435
18 278
13 240
12 211
8 155
1 62
1 55
32 497
20 316
15 263
7 151
29 482
26 407
25 406
21 347
6 115
16 264
4 101
20 325
1 48
24 392
2 61
16 268
30 480
15 259
12 186
1 38
15 273
32 530
16 269
25 428
29 480
3 65
21 357
17 284
17 291
5 107
32 513
21 368
15 258
31 461
5 111
0 36
20 333
13 217
19 326
32 515
21 360
24 373
1 52
21 350
18 288
32 523
33 493
32 507
18 280
22 366
16 263
25 411
27 439
33 500
31 456
15 257
14 228
13 216
33 497
0 54
20 318
0 57
20 315
18 298
14 218
3 84
20 309
26 422
30 485
25 431
0 37
1 63
14 224
29 477
33 513
29 470
9 164
24 383
26 416
31 464
4 100
10 181
33 510
12 203
3 79
22 352
31 481
22 362
26 405
13 242
23 389
28 449
16 250
14 245
33 511
17 280
14 236
31 454
11 201
33 518
4 82
6 108
0 55
14 240
21 362
12 188
27 447
18 300
3 103
20 312
12 199
30 453
15 264
4 78
0 59
3 83
20 335
9 162
15 251
29 459
25 432
7 135
18 279
4 92
13 229
33 527
5 110
32 516
4 94
6 104
8 140
16 267
4 95
10 166
4 90
25 417
11 212
3 98
9 168
7 126
30 487
25 423
20 328
9 166
22 353
6 119
19 316
33 520
24 386
8 152
29 475
9 160
4 88
18 277
9 158
13 222
5 119
28 446
10 165
17 281
30 458
31 463
29 465
11 200
23 386
9 167
10 171
0 35
22 350
32 518
0 39
5 122
7 152
13 237
4 69
19 329
8 144
24 380
17 298
32 527
15 269
24 393
20 319
3 81
26 408
13 228
10 161
17 294
3 82
28 440
31 455
3 88
30 478
14 226
29 476
14 242
15 268
22 357
16 272
22 368
26 400
21 367
3 101
23 394
12 195
29 469
2 45
3 92
14 232
18 301
4 76
21 355
14 220
30 484
24 391
15 266
33 505
26 398
26 411
0 46
12 204
30 463
27 444
27 448
9 182
27 446
13 227
19 321
2 43
30 464
30 457
12 193
8 132
18 306
22 346
3 75
16 253
31 484
29 485
33 499
30 482
24 390
17 278
15 253
4 81
21 364
8 129
33 503
30 479
15 246
25 426
31 485
31 458
11 205
17 279
32 509
15 247
19 317
4 85
7 148
27 449
30 473
4 71
9 172
25 422
1 60
8 145
14 216
30 469
23 379
21 354
22 340
7 157
13 225
3 97
32 529
17 287
22 360
7 146
10 167
6 122
10 159
29 457
19 315
26 404
8 131
18 276
14 221
21 342
0 60
13 218
8 151
28 450
7 129
22 367
3 96
10 173
2 44
15 265
4 74
32 522
4 89
15 260
22 347
10 175
31 453
26 430
8 146
16 258
25 407
24 395
10 185
13 230
14 214
20 330
13 241
2 49
23 377
8 143
12 198
4 67
16 254
28 439
27 443
16 257
25 421
18 293
1 43
12 187
12 200
4 72
33 492
1 61
11 189
15 252
4 103
20 310
9 163
17 295
22 338
30 462
27 438
32 499
33 494
24 377
3 93
11 203
32 500
17 275
7 145
9 179
24 388
20 331
10 170
22 337
5 112
1 46
26 415
26 418
12 190
11 199
2 47
22 351
21 353
9 176
33 514
23 382
33 501
21 338
22 355
8 156
5 105
0 58
1 42
8 149
16 273
17 299
10 179
23 383
10 178
29 471
3 72
15 254
3 94
4 70
33 496
16 249
33 495
21 337
28 442
4 84
2 42
30 470
24 389
5 115
4 87
8 126
11 190
2 63
33 509
1 56
33 519
21 343
31 480
11 186
4 99
8 137
18 292
12 209
4 98
24 382
30 486
0 40
10 163
11 188
8 153
32 511
33 524
4 102
25 400
12 206
3 76
6 107
17 282
25 405
4 91
19 330
26 423
30 467
17 292
25 430
3 89
2 41
30 474
12 212
11 191
31 476
10 162
14 238
15 248
31 486
14 217
32 505
13 214
23 396
8 134
13 232
4 80
2 38
6 120
23 375
20 320
21 371
22 371
27 434
22 370
14 233
33 489
3 74
0 62
17 293
16 256
23 388
29 474
16 247
10 169
6 105
9 159
26 409
24 387
23 384
13 235
26 413
4 79
11 202
29 478
9 174
2 36
31 483
14 231
13 231
28 436
14 225
23 397
30 460
33 525
22 348
27 445
7 139
32 525
10 160
16 265
21 351
2 37
33 502
25 412
32 533
16 248
8 130
11 208
15 272
3 69
11 195
25 401
8 142
25 409
10 184
33 498
0 48
3 91
25 425
1 58
0 34
8 141
30 475
27 450
27 440
32 517
32 508
5 117
0 50
2 51
17 305
18 295
22 342
29 462
7 138
15 270
28 445
30 455
14 227
2 55
19 310
27 441
22 364
31 478
4 73
2 53
7 132
21 340
32 502
1 64
31 477
31 475
26 429
7 134
10 168
13 224
33 531
26 406
29 467
12 213
28 437
25 419
5 106
0 52
5 123
14 237
5 116
33 521
22 349
9 185
26 424
24 378
4 68
17 285
18 287
33 507
18 289
21 345
22 343
27 433
8 128
23 376
30 477
7 136
1 53
10 176
31 462
1 49
32 512
12 196
25 402
32 526
33 530
31 457
32 492
8 150
11 192
21 346
11 211
23 381
16 270
12 208
7 149
6 117
14 219
12 192
7 143
0 64
31 470
10 174
24 379
5 108
21 370
33 490
32 521
25 415
29 487
24 397
21 363
19 314
3 73
22 361
19 332
7 133
24 384
33 534
25 420
7 155
12 201
17 290
1 41
6 116
5 120
16 261
28 438
20 321
14 234
