654 645 1298
612 895
91 1151
132 1139
162 805
652 1261
597 854
300 1103
645 843
203 880
329 873
35 901
138 735
507 972
485 1163
115 851
653 1297
589 1066
42 1019
90 1266
598 1173
308 820
241 1061
145 866
559 885
462 977
565 1260
412 717
270 1230
283 878
196 1068
334 671
512 1004
558 1163
553 856
98 1117
262 783
476 1291
610 1125
460 843
157 787
383 891
194 865
388 1288
10 1146
88 972
411 896
401 839
370 999
200 1229
77 757
616 1239
595 1048
69 745
507 693
285 1017
561 757
114 1105
495 1038
244 1252
363 773
188 884
567 1223
624 1225
167 735
145 814
296 780
237 976
389 852
561 826
310 1016
41 1244
368 1243
547 722
609 782
593 668
197 723
276 1238
529 1065
347 1014
265 1159
575 1004
362 1011
237 1117
322 1012
193 1173
137 1027
212 1248
604 854
492 1253
369 1031
275 1157
175 1154
197 912
14 1249
120 1189
493 994
217 894
24 896
374 996
539 1107
493 1255
65 978
86 837
195 762
65 1042
626 983
155 1085
588 749
306 736
498 1108
622 1293
253 1183
2 754
1 1286
254 890
531 876
561 981
36 995
133 1054
62 1287
280 1194
211 1138
91 1242
5 985
149 1247
316 1040
257 1246
82 930
512 736
293 1052
94 924
509 731
534 1282
85 668
481 782
146 959
540 956
55 1205
189 855
500 745
120 1129
190 1121
29 1106
137 1129
427 799
9 1076
237 679
270 1168
604 1143
70 1040
380 879
199 1117
79 752
285 664
243 965
544 1086
486 1250
44 1076
5 1143
41 846
177 781
416 1154
562 683
344 1080
447 805
220 750
238 752
329 895
616 866
2 1289
541 968
590 1135
633 966
61 1038
169 1089
70 1120
124 924
270 947
150 985
265 1008
75 1079
354 816
375 1009
538 925
38 906
510 692
237 1200
184 685
229 793
298 915
15 1196
237 1248
414 953
450 818
110 791
47 997
574 1072
287 1295
636 1127
161 812
491 956
637 677
561 821
137 906
368 1231
16 1245
516 1141
231 1196
595 1008
424 967
484 726
474 1122
294 1101
378 842
496 727
172 1175
60 1013
375 1148
147 1181
496 1126
574 751
542 750
424 993
274 1018
123 775
458 853
232 1074
171 1102
558 691
515 741
497 1135
483 1084
93 803
303 804
91 802
498 886
336 883
400 791
100 1296
192 1168
599 734
132 656
193 1093
505 671
565 829
369 765
150 924
193 1142
351 1035
312 954
580 821
559 810
322 676
650 659
158 1288
464 831
413 1032
350 1149
621 1260
391 932
297 1136
395 952
399 1073
624 1099
535 1028
344 1097
350 744
231 795
13 931
233 1123
568 711
82 921
323 1250
108 1064
591 772
340 960
88 688
246 899
242 655
226 1044
442 807
106 1087
437 669
454 1156
373 765
120 811
8 686
273 1244
286 1085
196 903
611 1157
90 967
330 908
528 1175
35 1169
627 967
318 752
392 1084
533 1254
143 1167
583 1055
398 759
485 874
454 1206
562 936
54 1011
438 1019
96 801
452 1038
534 797
58 854
7 747
277 805
467 1248
287 983
125 693
9 1223
352 1056
196 657
647 795
523 1028
480 738
360 687
504 700
469 760
45 1292
440 1035
460 854
85 738
108 681
146 979
134 1071
594 1251
378 797
64 872
514 1133
100 949
272 1268
503 1258
334 1216
257 1197
187 1026
510 1047
477 745
342 662
410 654
51 823
555 705
270 1165
463 1137
487 1180
410 1155
478 747
409 998
565 1100
634 1113
627 1201
86 740
557 1208
247 791
449 720
513 1258
288 1004
530 888
122 1101
124 974
120 753
105 939
33 1191
64 723
346 824
264 963
353 1235
131 1097
469 1271
71 919
573 1006
143 689
525 694
11 1052
574 847
469 1066
83 1069
210 980
271 1098
66 1138
323 1105
509 1172
263 1029
85 1041
118 1037
20 1142
325 1039
233 937
510 824
104 1002
279 1002
293 946
99 1178
181 1216
490 855
132 1252
254 916
634 687
374 887
559 880
534 894
420 1094
581 956
218 1163
457 1197
563 707
84 1188
539 948
345 923
60 661
601 1159
363 731
187 866
585 971
110 685
167 1190
237 1219
39 713
351 1095
438 1223
566 893
260 991
50 1240
40 762
488 881
273 1053
112 918
205 1129
329 802
395 757
646 848
269 1041
617 1009
594 1177
80 887
24 1197
174 962
309 951
630 949
360 961
411 1260
205 1182
569 963
293 851
413 927
110 742
565 684
561 1196
237 848
295 809
367 1195
417 724
358 1124
316 1248
44 964
596 1253
76 1087
39 1202
387 1001
180 988
403 1174
161 904
611 1071
30 682
645 812
180 660
504 788
35 770
628 1007
256 1212
368 1145
84 1144
90 1010
175 750
433 655
223 746
44 1193
364 661
157 890
629 827
0 989
53 1078
572 1125
328 1079
533 870
365 1265
334 941
123 792
338 817
209 1069
503 830
517 1220
548 1104
162 998
399 797
557 688
435 734
461 1286
273 1173
625 883
430 882
50 786
230 1118
582 741
369 1257
139 1237
161 1103
86 1233
40 1263
27 1148
631 729
227 1134
215 809
391 1124
48 1284
334 778
641 1045
282 746
541 1209
240 1170
464 944
156 1037
228 1028
537 745
236 986
37 1185
543 1005
397 1219
455 1043
629 1259
518 1129
168 1210
338 938
431 1032
44 1063
352 1201
157 1060
201 702
601 965
519 1011
14 1288
311 664
83 1183
399 861
3 934
429 1150
277 835
88 1168
529 748
284 1241
148 922
95 963
293 917
465 660
480 1277
472 1068
146 769
584 1071
541 1247
240 1051
635 1130
30 932
232 853
360 1084
496 1088
198 956
328 1261
543 691
418 1004
144 703
564 846
291 662
70 805
196 1091
7 1011
52 721
551 808
317 1245
3 1217
385 1093
606 1183
620 730
274 761
323 683
360 1221
219 1127
116 1122
415 1075
600 973
592 913
285 1062
449 817
168 1018
563 777
440 751
377 1150
230 819
405 855
456 1058
616 1020
152 1096
82 1185
555 1132
574 913
586 1266
524 1279
401 763
224 1254
270 1140
191 1059
502 797
148 955
480 869
626 1222
348 1179
319 711
603 838
532 1174
493 1226
232 744
270 878
111 752
182 906
514 1123
268 995
528 820
409 1162
91 1164
314 942
237 759
288 921
547 1137
547 658
182 1245
113 1077
508 1213
376 1054
583 1038
605 760
350 767
6 1029
225 1115
64 710
589 1280
189 877
206 1089
432 914
451 1213
237 832
78 1008
555 840
359 739
319 699
447 756
31 836
395 918
88 988
66 1218
365 1260
203 845
434 1134
35 690
313 825
334 862
360 1034
103 1286
62 1175
225 1264
87 859
77 675
324 1033
527 801
365 1262
29 1175
354 825
244 963
576 927
142 1199
382 873
622 1212
74 1238
501 954
331 1102
443 1290
607 948
348 1249
300 915
515 748
602 1027
32 934
320 712
502 729
314 1057
592 1050
189 1298
253 887
408 855
187 958
545 747
163 815
25 782
522 1028
608 680
160 1195
439 1158
469 957
19 1027
507 966
427 718
264 680
640 1099
68 919
220 938
489 1057
446 699
26 914
634 1276
548 673
325 774
186 680
218 994
62 1216
272 1236
311 1110
441 1292
242 678
105 1283
348 693
601 1197
477 1269
115 720
296 732
102 801
153 918
34 1283
250 1020
241 1024
439 1167
177 722
178 1004
420 1281
173 975
651 966
390 1002
539 1217
613 765
498 964
165 1216
516 910
50 841
184 1290
341 1002
81 796
396 1128
588 1204
251 1171
526 745
453 1070
482 953
649 878
600 1130
382 1295
219 1061
192 1203
34 796
509 719
600 707
503 1285
616 1214
163 1002
577 1127
335 817
64 780
435 1193
272 936
361 1216
386 950
381 1064
366 1147
202 904
552 1202
462 901
221 1161
62 1254
204 783
485 846
17 846
471 929
339 1162
47 905
84 1083
442 908
376 928
536 1263
555 841
202 1228
246 722
0 794
419 810
215 945
377 1295
121 891
454 672
153 875
278 958
22 877
30 858
352 1049
119 801
418 1086
402 787
347 693
587 809
471 961
425 1006
302 1028
63 796
326 1281
560 1084
404 665
129 921
248 1236
215 743
571 792
579 858
497 757
546 1122
455 845
488 815
49 1242
162 1068
240 752
355 985
168 889
380 1193
315 825
242 706
144 1227
568 851
484 1288
334 1114
372 1295
399 954
410 1239
445 1038
261 970
367 839
514 945
290 1060
366 1037
337 946
393 755
477 733
499 749
533 1023
236 955
617 833
227 896
272 909
613 911
454 784
225 838
461 670
615 1208
585 852
594 1090
16 1081
149 882
66 1191
109 737
299 933
258 943
236 943
493 1109
496 785
11 751
310 1068
269 1006
169 828
638 1272
453 744
481 1270
417 935
344 1152
362 793
150 1192
270 1111
628 960
321 766
255 783
421 994
48 1030
297 794
592 1232
571 1256
9 1036
158 659
219 822
473 667
524 848
363 1003
216 984
266 804
614 846
402 855
75 695
124 710
222 724
137 1080
136 685
23 1029
58 792
226 1180
524 790
549 665
301 1224
395 1215
450 823
476 719
403 688
489 990
301 708
225 850
53 779
504 1267
404 721
273 800
228 820
286 1058
588 689
297 764
274 839
172 1121
142 1050
520 1146
386 1055
198 1014
164 1108
371 981
214 750
286 888
639 1014
126 858
620 803
71 728
14 857
376 793
16 1059
235 882
451 1000
453 926
16 1211
44 844
167 1237
234 816
71 1143
571 1037
112 716
493 813
401 1096
494 1277
132 1092
578 855
293 1075
383 732
281 1153
137 669
466 1006
218 714
469 686
343 1037
516 1106
176 1196
107 957
480 860
105 1159
299 1250
127 660
82 999
314 1133
629 806
314 696
256 1133
292 746
345 1233
637 893
240 1291
69 755
85 896
426 1124
159 1014
519 783
406 814
128 995
304 783
40 772
307 873
320 669
13 741
284 1161
424 950
44 1203
485 969
641 1194
90 1132
339 1082
309 949
546 1137
621 1166
43 796
90 849
637 902
430 1220
146 867
259 687
586 768
315 1110
331 777
208 1263
217 738
521 795
55 709
222 1274
55 694
431 905
182 926
327 945
363 662
644 743
147 1229
127 1101
230 744
124 697
454 1210
643 994
179 1298
72 1236
47 969
166 959
442 1045
162 690
301 663
311 808
343 1151
216 1254
459 666
533 1248
169 1005
619 1211
216 1088
379 920
96 824
125 1178
136 715
267 1296
446 899
549 1268
464 1127
47 1130
30 1263
174 957
267 1288
415 674
245 1198
322 1153
580 1162
132 879
239 838
79 681
635 1021
270 864
357 1130
258 691
67 810
466 1021
12 956
361 880
146 908
194 953
135 1219
481 928
249 746
501 962
234 865
580 1025
455 1044
281 678
605 1125
60 987
386 987
199 1030
327 737
200 940
524 1112
252 801
398 1087
297 771
510 1015
58 761
332 1197
593 798
598 838
222 726
401 779
91 662
349 1265
96 1116
451 897
620 981
640 959
154 1288
137 1234
139 678
151 1087
632 787
511 912
394 666
273 1207
407 965
594 758
448 1266
42 755
516 1160
623 1006
593 1231
177 746
28 669
552 1229
588 923
468 700
574 916
475 920
454 776
566 1046
642 659
130 1050
173 1235
286 675
21 1101
315 871
56 999
192 932
545 907
101 688
640 708
147 1184
213 1074
261 842
550 780
185 1282
585 715
453 834
470 1087
132 989
473 886
64 1186
556 1185
586 1103
479 995
557 1278
334 868
202 1092
285 715
224 806
635 1022
543 1185
113 1038
534 1069
324 1233
325 1042
504 1130
423 666
539 1286
488 725
553 677
582 1242
15 1198
369 1064
467 1104
140 741
271 1176
113 898
326 836
554 993
89 1146
216 704
276 955
45 1283
312 818
156 815
79 1187
284 1250
508 713
141 1103
97 774
289 992
538 806
57 795
426 859
428 889
147 717
143 698
4 1134
356 823
528 978
505 1294
371 695
601 694
262 718
196 876
181 822
49 948
113 789
561 1123
150 678
603 1131
340 1262
329 1297
618 872
545 863
164 863
321 1095
520 737
122 1194
359 1098
112 677
92 889
399 958
359 691
112 975
545 701
45 1138
436 1157
2 1084
305 1068
251 1122
412 949
348 1067
611 937
503 1282
379 1231
99 986
492 718
477 892
637 982
86 1273
636 914
637 971
509 666
444 1196
40 961
570 1171
84 1265
648 1153
183 847
333 1121
554 836
427 674
59 1296
360 703
98 1116
506 687
253 1275
260 712
198 995
375 826
207 796
117 658
336 802
585 980
480 1024
230 683
384 838
170 1039
239 1128
6 872
422 780
191 1204
335 1119
283 900
188 1094
73 890
404 896
18 1014
289 873
421 702
430 1040
303 686
46 1209
377 1272
184 1001
594 1180
