60 100 434
21 87
59 157
17 85
17 83
27 103
12 71
53 141
26 98
37 123
30 114
55 156
20 86
34 119
11 71
54 151
25 96
41 129
16 82
18 80
58 153
52 143
20 81
30 104
14 73
45 133
16 89
5 60
9 65
21 88
34 121
13 75
14 77
36 117
9 62
33 117
29 107
25 97
24 91
9 63
39 117
15 72
22 93
52 146
40 125
15 66
53 147
25 103
16 85
2 60
21 84
23 92
20 90
43 125
11 72
59 158
19 88
41 130
46 140
29 104
49 148
23 100
31 107
25 99
17 81
0 61
32 108
50 150
28 101
53 142
7 63
46 138
4 60
18 81
14 68
58 156
1 65
37 117
54 154
26 103
52 147
13 74
51 142
31 115
41 128
18 88
59 155
51 143
33 119
27 102
54 156
5 64
34 124
56 154
42 130
8 64
35 117
32 107
38 123
15 76
53 145
25 100
30 105
7 62
27 92
22 101
20 83
19 82
3 60
24 100
37 121
21 83
35 118
0 64
24 92
45 137
21 86
44 134
38 122
42 126
47 140
19 90
31 116
35 122
25 102
48 147
22 102
30 109
9 64
42 132
30 113
14 67
28 94
51 150
35 121
29 105
44 139
2 61
47 137
44 136
3 61
26 91
37 122
48 145
23 99
14 72
49 143
33 123
50 148
57 156
46 135
50 146
13 68
14 70
46 139
6 60
46 133
26 97
57 153
21 90
48 144
8 63
56 153
51 147
29 106
27 91
42 131
23 103
49 141
28 103
32 112
23 93
56 159
53 149
58 158
40 131
24 99
6 65
31 111
32 110
45 136
22 91
12 72
44 138
13 71
48 142
38 121
13 66
26 102
30 116
52 141
7 65
25 95
36 118
13 76
43 131
51 141
40 130
4 63
8 62
22 96
55 159
10 62
27 100
48 141
2 65
27 94
1 62
14 78
24 96
19 80
32 104
16 83
13 72
21 80
37 124
44 133
24 102
14 75
26 99
14 74
22 100
59 153
36 119
24 97
13 78
57 158
51 144
3 65
0 60
30 112
17 88
20 84
11 68
39 121
28 95
17 90
57 155
42 125
24 101
25 91
17 80
59 156
50 145
21 89
23 95
20 89
41 131
56 156
30 107
2 62
50 143
15 74
7 61
40 128
34 118
55 153
12 67
44 135
36 122
6 63
28 99
26 92
32 115
56 158
49 145
45 139
14 76
23 91
22 92
17 82
32 116
20 87
35 119
41 125
11 67
29 112
11 77
25 93
50 141
55 151
11 78
23 102
37 120
27 98
57 159
10 65
11 74
24 93
1 60
17 86
39 124
50 144
58 159
32 114
34 117
25 101
43 132
16 80
46 134
11 75
53 143
12 75
15 68
26 101
53 148
9 60
26 96
11 76
49 142
54 153
45 134
30 110
33 118
14 69
6 62
20 85
15 75
18 89
30 115
32 113
33 122
41 126
27 101
56 152
50 142
55 154
18 84
5 62
31 105
53 146
23 94
56 157
29 113
39 123
45 135
28 96
49 149
31 114
28 100
38 120
30 106
31 113
36 123
36 124
5 65
15 77
17 89
29 109
40 127
51 149
28 91
29 116
12 76
58 157
54 158
25 98
20 82
13 77
12 73
18 82
28 102
52 144
1 61
23 96
35 120
49 144
18 90
6 61
5 61
28 97
11 66
18 87
15 78
20 88
55 152
52 145
16 81
3 63
41 127
3 62
58 154
19 87
0 62
25 94
4 65
52 150
54 152
26 100
13 67
42 127
29 108
24 103
56 155
24 94
8 60
56 151
10 64
18 83
11 69
32 109
8 65
34 120
38 124
29 115
12 79
38 119
55 157
31 104
53 150
19 84
38 117
19 86
26 95
12 69
57 154
43 129
51 146
40 126
47 139
6 64
59 159
22 94
48 143
54 155
4 61
11 79
14 79
33 120
35 123
45 138
22 98
37 119
13 79
47 133
