256 988 2843
198 695
127 751
48 821
98 256
137 828
110 815
30 693
60 295
70 1223
31 292
243 714
144 1216
165 1149
247 1205
230 719
91 1220
27 685
81 315
121 839
213 335
98 765
241 1123
123 1219
70 1180
0 784
13 776
111 763
46 659
255 837
211 307
194 1177
1 666
76 1036
205 703
225 733
251 845
220 1170
33 662
252 801
165 685
5 806
101 710
230 1159
3 744
188 1195
179 767
251 788
253 324
237 691
115 830
85 816
122 738
248 749
74 277
107 280
160 1152
121 353
248 787
251 728
27 763
238 1192
67 772
94 983
140 928
97 702
115 1168
151 999
183 768
181 784
110 1209
31 664
185 717
222 288
44 1215
20 682
147 409
128 1239
92 813
135 1173
188 846
91 719
128 1155
223 661
238 284
242 818
150 653
84 846
70 771
243 752
127 670
61 737
10 1162
79 735
37 843
16 675
99 778
52 1221
174 657
186 665
154 1183
208 335
131 780
174 836
220 786
242 823
150 655
160 749
180 731
52 676
139 722
60 773
191 343
206 1213
172 698
136 1206
66 1151
179 776
4 287
197 1150
211 767
176 825
85 665
251 723
201 679
135 769
146 762
48 325
142 1168
113 1207
51 1137
225 675
166 784
109 734
252 260
224 1212
179 1212
193 797
55 810
217 1016
117 1240
253 654
23 1147
10 663
251 328
252 262
205 740
99 821
185 752
102 752
35 786
113 1236
232 696
137 745
116 333
170 311
40 829
231 691
183 786
85 831
1 744
181 771
251 754
128 841
254 654
60 669
40 738
229 745
246 731
170 696
233 1165
221 818
172 1181
70 779
167 1239
97 1162
243 1155
229 834
207 794
231 756
176 787
246 259
127 819
22 743
8 1174
196 1073
128 1184
149 748
160 826
84 337
208 1203
43 731
6 674
154 753
179 1210
75 816
40 722
82 1223
57 320
7 1238
207 783
197 671
141 667
186 793
173 1233
57 1169
207 740
150 817
71 1238
5 774
68 841
214 728
100 301
115 792
241 528
189 518
141 1197
150 765
71 788
47 818
95 310
173 1237
209 658
188 843
170 757
174 751
184 664
183 703
65 583
151 927
132 747
152 796
136 681
167 742
227 779
180 341
183 301
80 714
64 528
115 704
28 704
114 791
3 828
98 654
88 347
230 744
182 1189
223 1241
179 795
77 801
228 1167
91 1243
210 412
228 727
57 1199
70 760
132 658
31 660
28 1168
248 1161
55 824
152 832
84 685
247 779
221 1181
238 843
28 806
103 318
185 274
71 840
178 710
87 655
255 657
188 766
58 1163
35 844
124 1006
198 311
191 1195
74 699
114 294
174 1179
40 763
185 771
81 1194
117 1177
144 1227
138 677
99 750
27 823
239 1214
247 776
211 689
9 725
41 655
247 1174
141 804
194 790
247 1196
95 668
138 1178
233 1187
167 812
248 1220
29 750
159 595
211 315
170 1219
243 699
183 1202
61 1211
17 810
21 779
242 782
239 1195
34 721
85 798
44 655
209 1214
248 836
91 670
73 305
97 800
233 703
56 697
196 610
205 353
146 267
176 798
8 830
112 413
156 849
106 1232
30 1184
230 771
184 312
10 664
29 737
35 271
135 833
67 755
101 1240
29 657
250 723
178 767
111 312
109 1169
198 1199
224 290
103 767
124 524
122 773
251 259
231 1232
177 827
216 1224
150 773
211 668
168 719
192 801
93 1197
46 1215
102 1207
130 728
228 800
44 1166
182 1191
198 729
219 1194
14 658
36 942
164 1164
52 698
83 1129
228 711
107 731
75 684
129 281
142 670
57 773
229 778
14 1202
70 747
34 670
132 771
157 1104
126 1167
66 1227
66 757
3 1207
130 257
190 656
237 1161
14 745
125 952
56 694
22 687
114 780
109 728
179 710
189 572
37 1150
174 791
33 1217
149 269
219 1199
85 662
137 318
71 831
91 346
30 679
93 302
125 398
111 1239
207 1239
207 773
221 673
138 1219
180 267
24 750
178 819
28 658
242 720
198 1149
162 963
180 1174
27 815
171 731
161 752
133 691
101 709
221 789
100 714
92 748
10 743
109 652
247 796
121 831
161 277
23 721
88 1179
236 798
17 1186
88 785
61 690
27 837
49 858
177 802
255 287
211 753
169 700
67 721
236 833
88 805
87 727
175 1214
122 680
4 686
135 805
242 793
233 740
37 784
195 732
63 732
247 288
108 727
215 828
161 334
137 715
183 813
223 759
0 1214
239 667
235 772
131 1152
69 750
34 1183
98 702
132 1156
44 814
97 793
86 1181
38 840
239 769
79 714
25 780
135 807
13 740
37 757
86 697
230 779
106 794
10 774
192 1151
39 657
166 658
76 633
179 654
46 1212
191 1159
172 743
176 761
3 797
232 1239
128 838
252 1165
127 820
181 816
97 1202
77 744
37 798
171 720
198 793
18 334
89 323
62 1224
170 843
163 464
22 1155
34 738
180 1191
105 808
120 275
181 664
227 819
20 680
0 693
206 1194
15 730
83 412
220 756
104 678
178 799
41 722
154 767
170 1239
135 656
103 702
203 1198
57 791
92 1226
203 792
87 1224
13 1167
152 790
25 724
164 731
193 673
39 1241
8 843
215 795
160 835
223 677
183 1198
20 290
103 1173
16 688
80 281
235 719
100 783
228 1243
194 1185
246 730
56 1212
237 752
176 684
231 1190
116 843
18 1206
221 304
180 845
238 1235
114 1187
48 1208
165 802
175 710
136 731
120 698
45 1212
151 643
52 1167
77 679
42 1201
232 787
14 659
192 783
81 745
62 710
105 779
198 753
122 666
0 817
48 738
167 1231
89 1223
195 310
21 1237
192 268
153 865
239 757
131 1225
171 1171
81 660
73 804
1 274
57 1223
165 1177
216 834
63 1176
205 1180
215 760
154 698
69 314
113 1191
197 345
85 293
240 831
100 1201
118 746
221 843
152 273
121 800
206 281
179 817
208 724
143 856
99 1186
80 832
43 724
133 673
47 836
7 707
168 705
195 1181
197 764
108 830
108 1151
239 830
28 731
38 256
250 1235
232 836
165 809
168 657
101 798
194 285
254 730
37 656
92 695
252 748
243 817
205 1233
208 1160
114 325
120 661
104 847
122 729
129 1225
138 793
236 748
1 347
58 671
132 352
41 824
249 670
178 786
239 782
52 826
204 687
225 694
149 760
114 701
98 1243
115 1201
104 1228
47 315
122 1228
223 1147
23 677
227 829
154 726
55 845
136 687
244 1055
172 291
78 1088
146 289
254 704
45 832
146 719
111 815
12 820
33 784
249 741
28 327
42 695
81 653
220 696
243 840
208 768
150 320
173 674
113 708
129 760
3 756
192 1168
224 705
194 756
33 1178
21 1147
98 821
97 773
225 351
29 736
132 734
220 687
165 745
249 1204
173 294
106 305
56 836
144 783
181 671
123 678
92 738
202 384
9 1223
68 799
191 759
63 845
203 840
249 747
98 1202
82 343
146 1196
203 683
110 800
217 1132
229 1177
146 683
174 1164
87 721
29 835
30 652
248 790
240 672
112 1051
206 711
203 668
212 695
23 284
39 1153
66 805
6 1151
82 1195
109 764
41 1199
89 665
183 830
103 811
95 316
102 1226
165 718
183 1231
116 294
61 341
100 710
69 1210
76 385
187 512
183 730
77 1241
20 741
60 1168
71 270
139 1204
109 822
210 619
39 814
43 309
81 699
71 783
132 1181
176 704
255 795
137 659
250 283
166 274
67 1149
50 725
243 1168
201 744
74 1156
42 292
168 344
68 842
221 807
115 1242
102 1195
126 328
117 1171
93 832
210 567
149 792
180 793
207 353
66 795
117 847
178 777
99 823
129 1210
113 780
97 822
155 1183
249 688
173 817
184 1218
22 819
250 663
206 714
100 1181
27 282
186 1189
48 798
205 750
198 823
165 798
108 768
193 332
139 840
17 786
6 266
123 1161
69 763
152 813
236 1198
29 1188
101 797
100 688
106 1196
1 707
43 715
249 813
235 755
28 270
64 597
102 679
25 697
132 780
69 795
192 658
185 1182
134 968
61 742
230 784
232 837
0 1208
231 269
112 970
31 1183
173 837
181 735
88 257
246 757
228 313
24 339
50 1174
91 809
250 746
179 1179
243 285
20 775
124 391
127 731
88 707
67 308
12 735
181 292
235 847
203 686
30 339
15 822
171 787
79 1202
160 816
9 833
167 713
137 1163
45 1215
78 915
80 708
84 1170
56 663
79 744
82 677
8 708
216 743
194 757
105 288
225 1173
130 805
62 1209
136 840
70 830
172 1220
203 1196
117 304
15 808
86 759
149 1189
50 694
216 807
89 657
7 798
73 1199
225 682
66 816
185 1210
182 777
138 1225
35 697
181 1157
80 1192
126 817
79 827
193 1154
126 1193
91 677
128 795
184 700
10 264
60 737
91 322
80 793
247 660
114 777
215 298
154 1164
103 817
107 665
232 353
123 666
44 1147
24 689
179 1176
120 323
15 768
87 837
38 682
104 1232
5 684
131 671
155 753
141 350
183 667
49 612
208 703
164 303
164 1162
74 738
204 1148
234 474
59 963
81 1168
50 697
213 286
75 1236
104 763
213 713
21 718
41 718
103 831
126 816
104 345
5 1187
154 817
178 1234
254 342
6 840
142 806
126 731
60 775
178 308
169 813
90 624
239 676
120 818
3 1201
37 1190
229 728
117 276
44 750
82 824
62 836
45 808
7 1169
255 792
112 1135
43 833
13 683
237 793
6 1153
55 799
38 661
222 770
61 794
27 1185
0 1192
46 261
174 1173
62 1179
111 271
29 1204
195 1189
219 736
220 688
121 726
82 714
24 705
224 748
195 1226
89 673
224 825
221 734
30 804
152 789
80 810
158 524
23 1169
22 699
60 701
118 755
113 798
218 770
144 332
10 752
209 1202
6 657
225 712
171 695
162 1058
57 662
230 663
40 841
191 821
117 770
82 660
149 780
93 672
121 764
92 1149
228 1223
93 747
190 1179
25 318
239 675
58 815
80 673
190 688
214 723
215 685
228 806
95 264
18 1239
224 691
101 1175
61 751
99 826
25 775
106 820
253 1157
202 1110
45 734
208 839
46 712
176 332
30 706
166 1178
141 845
139 739
82 337
6 1188
45 797
38 1240
202 598
161 683
239 811
237 761
183 1207
175 1162
95 704
195 766
240 1217
182 737
221 702
133 1200
161 722
47 317
133 823
230 337
87 1151
236 776
107 741
49 910
99 720
167 669
52 758
185 821
22 266
240 847
86 719
129 695
77 330
252 1224
9 745
236 1162
193 832
79 1219
75 743
79 317
51 1033
164 711
193 737
242 299
131 351
89 1154
7 735
141 825
239 1206
57 720
3 263
21 688
28 720
5 838
94 651
109 293
17 662
232 1191
48 664
106 689
250 719
147 542
161 707
56 664
107 350
73 1157
99 1190
193 823
1 783
181 256
187 951
87 780
118 1188
46 652
160 315
134 428
219 257
102 810
253 752
237 314
0 1189
194 671
100 653
89 712
233 256
226 782
44 809
63 1201
216 1200
71 1221
203 659
139 675
120 819
108 1232
218 260
250 275
117 685
8 292
221 713
122 267
255 827
38 319
94 565
19 893
58 307
136 659
71 753
104 1223
62 775
58 1197
136 303
110 832
20 1241
160 762
18 832
98 810
213 672
133 840
231 804
105 1210
24 268
183 728
75 828
13 812
212 319
15 770
175 311
168 753
110 657
75 656
216 348
108 746
145 454
85 1164
9 258
231 715
13 836
151 919
42 784
108 671
87 1177
193 740
115 761
17 1199
28 819
142 653
37 1186
130 705
142 835
80 1201
243 772
27 318
175 1179
140 872
191 1196
69 677
25 1176
191 712
204 690
106 1164
65 576
175 826
89 820
250 1184
211 657
249 1165
219 659
21 845
60 846
110 1234
22 751
152 264
12 808
35 1169
89 1199
230 1152
177 743
80 845
121 1202
153 1123
137 1205
4 782
254 1211
38 672
253 828
215 758
13 1174
192 258
122 776
93 783
130 809
213 743
169 718
136 304
12 763
148 646
21 811
133 722
130 270
205 1173
188 334
103 820
47 761
61 785
88 786
125 990
108 772
87 339
93 678
101 768
15 1171
135 1183
169 327
52 1188
175 835
239 732
67 1214
214 756
128 781
172 269
16 1176
179 835
29 1227
128 1227
138 830
138 275
168 812
204 809
218 660
215 788
153 371
182 749
40 1171
42 774
223 748
177 1231
246 807
214 660
142 815
10 730
61 728
201 1166
139 353
229 1169
50 1187
236 656
237 796
109 1153
58 780
55 663
68 728
158 943
176 1208
33 783
156 463
173 265
54 442
174 680
254 1170
155 302
126 760
159 1072
160 837
72 476
110 273
92 280
138 787
216 652
237 259
241 1139
144 764
84 806
214 1219
161 766
48 805
57 265
29 344
75 670
40 302
103 1158
24 739
22 325
58 680
171 315
233 1233
226 779
69 785
159 480
23 1196
184 307
167 699
30 658
8 1189
23 751
218 282
197 1188
184 824
232 843
230 1211
93 1227
81 774
216 721
122 754
33 820
146 1218
101 268
204 714
144 1218
210 860
192 774
195 826
47 778
136 1187
184 723
254 772
11 381
143 594
0 675
130 1215
37 1228
217 1096
39 807
50 756
25 807
0 702
156 515
85 793
24 307
255 1237
44 1161
41 1188
204 1210
215 270
246 755
104 673
218 290
127 1218
188 683
17 808
211 676
100 784
69 790
81 281
7 659
17 1156
75 729
154 828
108 310
92 800
99 1227
212 817
42 284
193 1241
178 731
143 934
249 703
12 794
200 545
177 733
4 1187
27 755
41 668
187 915
177 329
180 741
238 774
43 1193
179 804
1 1150
78 914
48 729
190 822
74 657
5 715
139 711
246 1173
118 652
108 669
164 725
203 723
92 1241
31 813
20 265
129 845
170 746
214 1147
214 1218
3 706
165 269
40 798
118 314
58 1207
63 1163
120 1201
209 775
99 342
65 878
236 730
167 697
57 656
35 1183
198 1235
190 1234
61 701
86 716
87 282
212 737
201 808
130 1226
40 1198
17 327
108 1165
5 1234
45 749
104 1188
158 850
212 765
190 805
99 678
204 747
1 1203
56 1180
236 666
246 306
181 747
66 755
111 788
66 331
180 1207
9 684
130 669
108 700
69 715
18 738
47 667
77 1218
142 824
181 1174
15 773
242 837
58 704
157 878
169 678
30 774
244 480
26 651
129 310
50 662
70 263
7 310
16 329
224 344
146 675
101 1182
176 1167
249 1196
246 737
167 285
213 769
206 735
61 1176
75 800
255 1166
35 772
47 1233
188 1214
21 802
238 672
235 316
203 275
197 1222
18 701
145 1073
178 1223
14 668
170 1174
195 799
102 734
172 1146
139 345
233 805
85 685
43 817
155 1192
51 954
68 331
15 677
45 259
4 837
140 558
148 851
38 1190
190 832
85 819
8 820
219 1209
130 1196
139 818
9 1157
3 822
139 757
213 1172
212 1157
75 274
57 760
173 1196
224 772
87 1192
198 752
216 702
16 1154
40 1182
254 1186
186 350
213 1241
183 319
254 664
155 652
116 795
47 749
105 1177
9 770
42 1171
178 1224
7 823
66 321
183 836
242 709
180 657
137 822
97 823
52 713
165 822
15 1201
174 767
159 1028
18 723
243 665
114 810
154 744
116 1180
15 1188
73 796
235 695
218 323
214 764
176 710
33 669
27 660
182 755
34 1177
175 757
57 1198
225 323
48 1161
2 1007
174 296
57 676
186 758
10 698
182 673
231 667
33 752
166 258
220 836
66 712
50 672
223 720
251 1177
120 816
37 292
63 828
46 1226
172 818
165 1196
182 1241
142 293
165 818
177 680
223 1198
88 1238
48 718
249 752
79 1234
185 1181
149 837
9 780
248 277
144 1234
160 1200
127 764
114 1191
168 1193
34 726
203 1186
116 1153
130 754
25 1193
67 763
137 807
208 319
100 806
6 839
113 842
48 767
29 768
39 750
149 764
167 753
107 840
33 689
60 1181
2 1117
97 764
191 738
206 1152
16 785
205 680
8 816
226 682
74 1169
7 826
150 739
21 842
170 674
147 950
37 819
136 795
255 1170
54 864
105 1211
98 337
84 735
44 263
8 1214
235 310
185 732
62 842
93 1171
220 283
68 781
100 749
174 731
221 1149
55 718
191 692
17 831
142 840
161 1222
236 291
98 1171
152 679
25 793
168 1243
14 1191
102 723
121 1205
184 726
190 693
77 843
128 270
121 653
50 1182
113 779
127 278
44 845
5 793
237 1233
240 664
5 339
229 1225
5 1180
194 258
62 284
175 1171
1 828
254 335
110 725
139 742
68 658
46 695
136 1168
171 1228
248 652
50 264
110 762
52 351
146 1167
226 711
63 754
4 280
111 307
163 1066
157 506
191 315
90 893
48 832
116 1148
230 805
184 1188
201 832
196 962
74 1225
44 331
227 1222
173 766
33 1157
53 505
135 697
55 1182
184 1219
103 748
161 777
139 688
115 660
231 1189
154 1172
41 698
165 715
7 836
7 809
207 1192
221 1203
18 728
186 1171
246 739
4 671
86 1206
102 746
77 812
45 706
28 740
93 823
68 1224
123 330
70 829
168 775
21 326
84 791
35 1222
33 286
227 1195
129 847
226 797
219 815
247 792
31 706
15 813
42 1159
233 1190
122 1196
69 752
186 778
247 309
229 685
88 703
114 705
164 693
104 783
171 795
34 1239
75 1173
201 780
74 717
133 1199
171 348
201 1190
16 656
177 1166
136 724
107 712
224 695
52 783
86 659
168 1188
164 823
32 425
70 1218
180 1181
167 714
254 1146
209 663
222 785
220 1235
232 1234
9 1188
130 653
198 663
102 305
31 673
168 836
137 276
235 747
235 846
126 683
46 821
218 814
238 713
144 771
200 1010
146 667
47 676
35 773
250 815
251 800
117 652
188 685
189 1099
250 840
62 753
93 712
24 1163
162 1061
163 577
85 840
19 1080
47 842
98 830
250 825
14 655
184 1239
10 800
73 1182
114 841
216 815
109 1152
172 807
252 695
186 799
171 812
142 767
139 1159
248 662
117 834
7 788
71 761
50 704
115 275
39 822
232 809
41 340
201 817
17 1176
237 685
80 653
133 308
142 1212
18 764
123 687
50 348
121 1223
195 730
111 772
8 793
98 1168
107 1203
144 675
105 820
58 725
56 350
228 731
160 704
229 814
107 825
219 794
73 799
62 835
12 352
82 754
236 710
191 781
216 687
183 748
223 1237
52 797
185 764
18 718
127 1196
195 1153
40 781
224 762
95 346
116 808
160 1221
154 668
185 730
131 681
4 718
24 823
84 1233
226 786
197 795
150 1227
11 943
14 1237
75 697
203 788
110 813
139 772
4 743
236 788
211 734
117 712
25 1223
149 774
226 1201
219 671
146 783
155 831
131 745
60 659
205 1207
152 290
38 1166
116 844
229 727
9 331
115 766
169 748
216 1212
36 962
16 285
66 1196
234 1103
225 292
100 1150
167 1181
36 596
235 344
178 1217
201 700
8 767
142 693
200 431
229 1237
197 830
169 680
250 1194
52 712
234 974
202 381
0 745
40 679
17 715
1 1195
27 1181
252 813
184 755
20 710
98 835
197 739
222 1186
65 355
95 761
233 772
206 745
16 662
227 1152
166 783
179 756
214 733
23 699
67 832
75 285
62 327
235 1166
196 619
53 888
12 830
155 790
63 660
155 810
3 684
171 800
224 783
0 687
218 1172
8 277
229 296
153 854
99 737
22 1169
12 1236
166 657
242 1186
35 689
149 309
207 1215
240 705
204 1229
58 833
88 1159
138 836
105 691
172 815
39 333
15 1206
255 772
43 801
66 842
192 721
20 1186
92 778
115 734
84 336
79 737
206 822
199 378
194 816
211 770
43 1159
211 1239
52 726
14 693
227 778
206 747
218 791
71 834
192 730
56 1213
229 718
4 1218
123 817
69 1195
172 1161
205 690
238 786
133 761
141 812
118 713
225 720
13 837
106 665
242 827
201 766
109 838
139 1148
173 749
31 830
32 419
58 714
169 272
243 670
43 272
244 1016
245 904
199 622
136 1230
172 835
94 449
149 1172
66 1200
102 780
186 790
184 835
233 756
97 727
128 717
254 771
227 816
252 1190
235 813
166 1179
129 743
204 808
177 716
223 674
247 841
37 763
13 763
105 686
77 808
213 747
37 716
46 1206
252 762
133 835
169 1235
107 743
9 759
223 767
246 674
89 698
190 258
187 432
184 711
63 268
34 299
23 844
211 1226
126 1192
166 820
132 1227
137 847
3 266
233 765
86 330
26 357
184 686
245 1065
71 273
176 1165
97 1186
21 819
34 348
20 1196
222 847
246 1179
138 806
71 1146
231 761
253 1163
204 765
122 826
73 694
107 734
203 1239
120 1202
244 1018
137 784
215 1161
0 753
205 828
148 1058
228 738
229 812
88 802
60 693
55 343
165 659
223 312
19 474
128 727
113 748
85 706
218 682
6 740
22 279
127 1158
36 527
105 1174
52 760
209 1199
224 728
242 1185
253 771
175 766
212 828
238 754
198 1192
87 733
166 312
117 822
235 658
75 692
201 1191
70 746
127 804
230 713
23 346
251 757
240 840
87 764
169 1200
88 766
181 669
174 755
122 834
242 846
68 1218
234 1127
255 833
179 837
90 1038
120 781
209 780
58 746
103 1157
105 715
171 744
123 652
45 289
193 1207
32 1013
58 1177
38 799
233 680
233 734
115 837
191 1162
214 318
246 717
97 1170
13 822
255 707
135 306
20 1193
212 1232
186 1233
204 823
31 776
246 1201
14 1227
87 799
129 1235
37 348
226 1237
4 1194
39 1196
253 660
116 764
141 780
146 1182
175 806
70 818
173 771
127 1182
218 798
230 1235
12 1189
48 673
105 828
237 1214
39 724
220 830
182 768
46 664
156 405
213 1229
93 353
113 1233
135 1156
126 1150
12 734
68 846
229 764
195 726
67 1166
83 936
41 1158
83 1091
82 662
99 717
92 1225
110 684
96 484
104 845
226 1197
149 1178
227 756
97 332
136 803
138 305
23 750
117 830
179 286
201 657
221 1196
155 667
217 462
227 310
137 1236
214 805
16 838
34 765
34 810
98 819
209 266
60 816
106 314
214 810
91 1197
87 813
226 663
216 1165
68 1159
149 846
192 1182
80 667
101 769
174 1232
103 781
104 693
60 716
206 656
113 263
7 1153
46 735
150 1224
86 1179
194 762
205 802
233 769
79 846
50 742
246 686
204 1187
190 1183
55 1174
171 1206
64 384
50 847
161 1236
67 680
206 672
73 803
211 834
111 722
90 972
44 821
182 261
20 839
35 1166
192 1167
60 1239
170 683
198 756
3 679
119 1074
104 769
222 671
72 1054
42 656
101 725
238 1172
214 822
56 821
208 807
57 817
192 757
1 701
212 1191
16 701
61 287
53 511
32 947
23 783
205 790
211 688
30 1164
255 835
109 672
110 1189
30 1222
88 759
251 697
95 772
225 1218
206 728
232 1231
228 1191
117 1218
171 715
236 332
84 722
110 820
56 801
25 731
252 749
119 1130
104 326
106 681
222 1167
248 1240
56 298
181 1225
131 688
67 844
222 744
34 825
178 813
168 1158
75 1184
167 810
238 817
13 748
16 759
45 1228
33 694
238 838
208 1150
205 766
236 711
133 711
131 1160
222 763
204 778
98 729
245 624
164 839
85 1159
126 763
7 1170
2 921
120 841
252 1194
95 801
227 1220
123 1226
18 772
155 1220
117 658
164 774
5 1160
110 1170
162 525
144 689
111 781
212 1224
8 1161
224 1229
219 726
154 283
175 741
34 704
61 1207
22 673
226 700
42 823
84 1171
123 706
35 696
95 1201
240 1216
143 426
185 788
188 1215
125 529
121 300
52 1194
238 257
127 748
120 1227
1 822
107 675
146 780
235 300
7 737
169 1213
70 1237
16 717
114 1199
141 700
41 741
242 816
180 790
91 683
133 1232
74 335
123 844
213 837
145 1103
89 672
193 1170
173 1209
85 1194
232 694
55 724
197 268
10 1195
152 768
111 710
180 725
24 779
148 1139
67 779
194 840
195 685
193 843
169 692
59 559
208 771
14 666
57 730
77 795
55 664
123 803
209 791
38 823
145 373
232 757
154 844
152 1219
18 270
82 717
28 1152
87 760
114 677
178 665
166 260
226 1193
122 1159
250 806
98 703
249 340
236 1226
0 349
215 286
195 839
102 652
96 1003
40 787
189 570
152 719
29 669
89 733
12 1163
164 1215
37 712
182 1210
115 1199
212 720
255 843
185 1163
144 786
142 665
50 677
82 796
18 308
171 718
46 790
41 1182
16 1241
133 724
34 786
136 722
18 310
190 333
108 339
253 1171
86 671
118 807
15 330
5 775
138 846
14 342
17 687
186 1212
240 281
129 1149
205 760
56 819
172 814
194 1149
107 1189
132 775
253 829
111 265
243 837
3 804
60 317
117 779
97 840
74 803
59 1141
248 734
47 771
155 273
243 1179
152 331
164 780
123 662
66 687
224 319
10 352
63 664
3 1194
166 794
86 1208
104 697
118 698
93 754
160 760
207 665
72 1061
102 665
201 779
177 1234
226 774
82 1169
176 742
240 794
68 808
70 719
253 1227
193 795
11 873
132 795
254 814
230 718
13 1185
198 773
20 696
81 732
141 1232
254 812
166 669
42 685
207 342
88 814
209 655
71 807
181 1190
198 832
248 755
106 757
131 692
95 759
45 1166
47 312
110 269
6 1211
149 771
192 670
201 283
25 787
188 845
216 305
185 322
205 275
144 793
188 777
150 1151
226 691
103 797
62 735
137 761
15 687
91 1170
55 1163
142 1161
24 1191
71 733
69 1217
10 658
128 836
242 1220
180 801
197 772
126 812
118 1179
141 1159
235 696
141 1175
19 447
174 698
66 707
54 468
13 326
43 1185
169 764
116 717
110 715
31 1206
5 803
248 1226
21 1203
77 1215
132 808
107 1199
84 1169
237 751
241 456
128 810
4 668
22 798
96 1089
237 677
171 1169
106 1186
199 1098
26 566
197 683
73 707
9 660
232 691
226 334
71 751
204 336
141 770
27 1226
132 755
9 731
222 1211
6 733
230 795
186 338
104 826
197 695
10 1226
216 700
240 1170
121 669
74 655
220 1212
81 1228
5 688
141 716
118 1173
31 1205
220 839
211 1241
192 836
231 1212
249 259
170 739
158 563
215 329
222 688
45 813
141 267
46 723
56 830
44 728
129 752
56 689
4 1150
74 676
239 840
24 327
173 801
12 792
18 774
154 783
28 1177
80 1194
91 770
173 840
99 707
119 1075
130 772
127 763
77 836
251 268
253 704
251 763
66 818
237 717
27 783
213 675
149 829
116 734
46 802
0 760
193 335
182 681
48 1237
33 797
60 1219
133 1230
220 1160
207 670
190 1157
250 824
16 842
118 323
93 693
243 1216
111 1182
128 753
240 1182
239 260
134 1029
161 1212
