1180 1110 3431
698 2159
1061 2179
193 1702
858 1373
281 1634
971 1746
811 1833
363 1362
982 1942
1064 1648
742 2130
1058 1358
1061 1337
271 1464
862 1845
748 2222
926 1628
564 2164
101 1290
561 1454
363 1242
132 1809
72 1462
1030 1817
92 1938
47 1476
945 1605
363 2000
244 1610
496 1210
922 1412
1072 1930
52 2240
864 1674
81 1892
440 2240
1014 1577
864 1609
526 2172
519 1194
505 1790
132 2129
491 1690
1154 1374
931 1865
808 1246
1016 1482
990 1244
270 1527
19 1241
29 1421
420 1223
426 1454
363 2285
810 1325
346 1833
700 1667
685 1565
1061 1357
873 1375
385 1603
34 1908
496 1906
902 1634
191 1383
775 2236
47 1925
910 1725
775 1325
808 2255
967 2184
491 1730
553 2164
858 1655
910 1373
92 1290
1020 1454
775 1849
328 1894
1021 1460
992 1564
775 1631
1054 2222
987 1695
854 2238
619 1697
863 2283
829 1818
491 1937
399 1990
1042 2184
864 1935
180 2096
751 1682
340 1461
922 1695
363 1783
1058 2014
407 1949
262 1634
496 2169
808 1540
363 1565
794 2130
999 1932
142 1454
932 1702
271 1528
1064 2207
213 1503
926 1411
1062 1551
829 1194
988 1845
44 2243
86 1954
637 1595
1093 1668
399 1952
63 2112
576 1567
873 1894
81 1782
543 1461
132 2121
673 1381
345 1585
1036 1454
622 2130
809 1708
243 2176
673 2166
1154 1801
174 2165
321 1443
1014 1570
757 1708
547 1383
271 2068
1156 1223
992 1340
1112 2112
16 1254
854 1478
571 1462
363 2195
617 2164
100 1375
45 1603
987 1905
673 1393
1165 1897
491 1765
363 2193
824 1746
28 1894
235 2034
1154 1194
673 1836
1098 1383
775 1772
990 1788
29 2167
463 2222
995 2240
740 1443
1011 1527
637 2216
758 1605
1072 1582
451 1198
195 1892
1064 1542
1165 2248
491 1524
551 1588
1085 1194
419 1938
1099 1845
128 1194
863 2234
894 2279
922 1766
933 1458
637 1396
235 1884
1101 1892
976 1603
1062 2151
748 1254
1062 1187
1016 1323
235 1668
951 1634
1014 1657
922 1358
671 1367
990 2007
503 2165
363 2264
539 2057
243 2207
244 2261
1014 1900
174 1806
1165 1973
516 1375
551 1964
854 1545
264 1708
526 2275
775 1605
1121 1565
819 1619
671 1894
315 1833
1096 1503
509 1845
217 1461
19 2080
926 1688
1072 1499
174 1276
255 1462
520 1634
224 1865
998 1701
793 1379
829 1317
247 1892
140 2057
551 1223
321 2275
243 1524
523 2240
496 1995
454 1325
515 1454
146 1745
1165 2018
832 1667
113 2227
864 1186
233 1194
491 1648
141 2036
1064 2033
998 1337
54 1854
97 2240
451 2279
740 1242
866 1486
698 1720
53 2130
19 2219
551 1780
819 1886
858 1904
872 2055
1030 1505
866 1551
19 1251
620 1605
910 1358
637 1395
271 1900
583 2165
989 2222
819 1711
289 1865
78 1894
363 2240
822 1708
740 2120
859 1894
191 1345
926 1679
205 1949
132 1444
512 1931
209 1892
205 2057
1061 1306
992 1300
959 1454
340 1409
180 1482
54 1399
314 2184
71 2227
153 1254
451 1785
917 1603
702 1833
637 2227
673 1503
863 1816
740 1577
1090 1421
879 1581
836 1745
866 2251
618 1702
915 2057
394 2057
143 2222
129 2114
7 1938
698 1642
54 2074
19 1575
496 1504
775 1582
551 1554
19 1301
54 1502
1064 2182
327 1954
284 1954
854 1869
611 1605
859 1708
1041 1845
751 1797
1061 1775
1154 2039
1072 1827
864 1467
862 1223
879 2171
1025 1527
1072 1536
1064 1235
19 2115
451 1999
698 2025
955 1894
1062 1483
879 2265
1062 1763
819 1225
218 1565
340 2240
244 2223
533 2130
922 1370
793 1443
698 1895
652 1892
243 1817
639 2279
418 1462
987 2184
1016 1315
271 1850
750 2167
891 2222
637 1851
496 1721
412 1949
421 1462
569 2130
829 1472
863 1726
235 2019
944 1470
1034 2036
740 1204
1166 1954
54 2154
828 1462
1157 1462
407 1454
456 1254
554 1746
637 1663
808 1961
243 1352
764 1194
328 1454
990 1731
637 1190
944 2214
771 1655
944 1258
534 1375
698 1212
1021 1264
910 1323
1058 1268
456 1325
1061 1602
1058 2240
496 1582
45 1892
671 1369
163 1745
803 1938
768 1892
418 1668
408 1662
1061 1690
19 1878
1064 1458
866 1414
158 2243
1021 1636
1055 2184
191 1798
922 2194
939 1290
866 1782
1061 1515
944 1621
409 2120
526 1589
836 1375
214 1708
291 2120
243 1344
64 1668
731 2240
124 1746
243 1863
180 2062
854 1273
363 1341
751 1558
1016 2235
508 1454
891 1702
54 2026
1062 2074
637 1991
1016 1742
132 1664
910 1978
576 1861
854 1898
892 1845
1165 1222
990 2086
414 1845
679 1325
740 1274
751 1845
340 2196
421 1603
959 1668
642 2057
1150 1254
157 1325
751 1849
922 1661
551 2081
1021 1770
409 1833
854 1800
139 1375
496 1888
922 1540
321 1553
73 1668
1038 2243
1160 1942
86 2120
637 2123
243 1641
1173 1892
866 1421
864 2266
505 2108
946 1942
491 2134
479 1605
987 1674
957 1603
257 2167
166 1938
279 1603
248 2240
858 2195
1058 1643
793 1223
394 1708
900 1655
1050 1383
134 1194
217 2112
864 1598
399 1694
698 2016
417 1383
829 1431
1072 1723
1119 1605
191 1234
399 2054
114 1462
829 2184
910 1573
26 1938
505 2026
987 1232
990 2167
459 2240
576 1729
673 1222
631 1325
268 1527
694 1634
766 2222
496 2130
872 1791
443 1605
946 1655
979 1290
1072 2198
505 2185
698 1477
1154 1599
1091 1702
451 1215
618 1745
592 2130
132 1927
1089 1745
751 1230
1058 1610
829 1500
388 1527
83 2240
505 1646
1154 1187
490 1503
345 1494
399 1596
819 1293
1064 1660
671 2152
922 1704
671 2142
358 1223
936 1845
297 2227
363 1653
825 1634
340 1191
363 1374
686 1254
281 1865
854 1976
507 1655
491 1766
1165 1488
328 1938
340 1701
866 2112
496 2148
458 2167
827 1845
910 1966
863 1967
576 2095
858 1275
340 1914
998 1748
951 2120
244 1234
373 1932
718 2130
698 1943
1021 1455
505 1347
872 1832
1060 1483
530 1745
803 2036
1023 2279
975 1223
1165 1603
306 1290
991 2130
505 1308
576 1618
1127 1892
675 2165
1107 2240
778 2165
286 1949
880 1454
808 1959
19 2210
1058 1410
540 1458
73 1375
863 1442
992 2091
1062 1788
235 2173
1116 1421
396 1421
316 2112
343 1290
191 1983
1165 1694
890 2167
551 1422
866 1746
492 2227
129 2215
819 2157
819 1205
491 1483
775 1941
819 1988
644 2227
879 1729
1058 1546
271 1847
922 1658
376 1865
1014 1925
775 2182
19 1615
751 1291
202 1462
132 2245
1166 1462
230 1454
799 1667
872 2062
293 1421
1008 1421
737 2112
54 1527
683 2112
70 2036
576 1685
820 2112
71 1458
637 1332
1164 1254
496 1708
157 1458
793 2261
163 2184
1014 1915
243 1967
180 1378
1051 2167
914 2279
345 1204
496 1693
755 1458
451 1302
698 1530
343 2240
836 2036
47 1349
5 1527
829 1273
1137 2167
340 2098
122 1194
109 1527
213 1325
235 2126
198 1462
40 1223
244 1558
321 1960
24 1254
476 2227
775 1244
471 1329
783 1462
573 2222
256 1329
992 1601
913 1461
551 2100
244 1314
1154 2087
487 1938
340 2007
180 1916
1062 2237
998 1531
491 1951
321 1701
1061 2204
457 1708
49 2227
818 1894
321 1596
514 1461
854 2282
1077 1662
597 1605
793 1428
1016 1931
944 1668
747 2227
576 1900
597 1458
864 1256
54 1742
271 1848
451 1938
653 1290
491 2122
944 1869
1100 1865
132 1628
1088 1483
1028 1565
224 1375
707 1605
829 1475
1094 1634
34 2262
187 2164
1045 1892
244 1252
303 1223
233 1894
754 1553
205 1667
362 1603
345 2208
1018 1745
730 1892
339 1565
973 1223
235 1860
505 1340
1165 1698
239 2279
858 1286
829 1373
967 1634
345 1372
505 1256
637 2031
752 1194
54 1668
244 2099
630 1833
886 2167
910 1547
526 2008
162 2184
922 1687
936 2184
929 1894
829 2280
342 1894
1152 1223
551 2134
576 2142
19 1938
944 1904
819 2036
738 1938
1024 1329
751 1659
258 1194
108 1845
386 1954
864 2124
808 2170
479 1634
484 1954
174 1924
1030 2222
47 1669
879 1361
1067 2279
505 1460
512 1883
82 1254
34 1798
284 1702
1062 2266
19 1662
269 2167
321 1348
679 1194
944 1828
54 1691
720 1421
496 2014
872 1194
47 2027
993 1954
345 1197
1036 1605
738 1845
623 1702
775 1828
293 2057
129 1622
476 2120
572 1833
775 2116
1011 2184
754 1290
1042 1745
818 1892
201 1634
987 2133
177 1746
1003 2279
941 1655
1165 1759
382 2130
11 1745
564 1697
419 2240
122 1375
210 1833
496 2256
1061 1659
451 1724
133 1708
1165 2168
1015 1421
754 1900
992 1993
998 1500
363 1213
645 2167
240 2130
457 1462
620 2164
401 1845
688 1708
13 2165
501 1483
899 1892
1021 1706
793 1454
671 1410
10 1667
381 1668
1154 1319
34 2051
1092 1708
637 1390
910 1933
582 2279
184 2240
740 1696
131 1938
774 1461
639 1527
1088 1892
229 2120
576 1851
682 1527
225 2057
340 1498
1014 1668
491 1687
327 1702
843 1954
944 1703
751 1796
354 1603
637 1981
772 1894
1061 1771
180 2064
200 2036
19 1423
721 1634
1154 2147
96 1603
1165 1991
345 1226
740 2216
890 2036
808 1810
567 1702
581 2120
505 1444
637 2008
926 1587
54 1778
637 1709
496 2254
451 1211
6 2222
271 1538
235 1749
1154 1551
109 2240
399 1557
1072 2026
671 1797
823 1865
910 1899
791 2057
1072 1490
587 1954
88 1932
879 2092
1058 1247
944 1635
926 1280
292 1503
911 1254
399 1399
77 1454
944 1271
751 2258
385 1708
321 1613
775 2227
1064 1322
1034 1697
1002 1634
340 1770
793 1764
990 1246
751 2042
667 1223
399 1775
526 1289
164 1194
815 1702
512 1437
1030 2037
622 1503
866 1564
275 2057
987 2266
650 1194
858 2246
1062 1760
775 1559
996 2120
82 1375
819 1531
174 1753
609 1375
598 2130
174 1611
987 1297
243 1194
19 1540
910 1422
81 1498
526 2117
647 1503
244 1946
922 1343
1072 2224
940 1462
81 1246
754 1321
926 1990
461 1662
910 1402
148 2164
1030 1205
1072 2226
526 1378
987 1958
844 1461
854 1461
341 1949
993 2057
394 1746
226 1932
866 1378
1169 1383
740 1537
740 2175
1115 1865
751 1943
346 2057
987 1971
345 1404
349 1634
1082 1954
1155 1892
526 1643
48 1503
944 2069
866 1508
393 1383
1062 2139
566 1745
1058 1801
637 1205
926 2106
944 1683
1 2057
451 2077
81 1223
146 1949
561 1383
854 1347
866 1811
81 1375
18 1655
363 1732
502 2036
244 2058
17 2279
340 1897
922 2083
180 1581
924 1708
431 1655
863 2049
992 2264
255 1697
451 1339
244 1732
740 1192
918 2057
922 2237
910 1380
1021 1412
616 1668
751 1781
950 1454
1010 1697
854 1493
1154 1262
992 1938
957 1745
340 2166
451 1864
252 1708
1143 1461
922 2150
77 1254
987 1941
755 2130
1058 1748
1124 2164
1064 1386
1024 2130
54 2267
972 1938
1062 1936
259 1503
451 1194
413 1290
1061 1964
392 2120
255 2165
403 1894
1029 1290
406 1194
551 1251
19 1284
574 1223
1014 1863
757 2222
829 1710
946 2120
311 1865
180 1756
1063 2184
17 2112
1154 1617
1007 1290
886 1667
992 1281
140 2130
132 2161
1127 1527
129 2040
133 1662
551 1635
34 1632
782 1483
969 1745
451 2265
1072 1243
858 2249
399 1524
146 1865
34 1953
180 1635
496 1500
399 1849
1134 1708
987 1831
597 2222
793 1672
990 2214
740 2169
513 1458
5 1605
1030 1731
496 1321
552 2036
512 1927
760 1461
280 1461
399 1383
935 1375
451 1247
863 1850
872 2138
939 2164
244 1388
1089 1668
944 1197
998 1640
819 1538
512 1590
483 1421
1146 1949
829 1455
936 2279
754 2264
338 1662
1021 2239
751 1697
551 2265
1061 1539
1061 1857
438 1745
561 2227
155 1254
1021 2256
902 1833
174 1700
872 2000
779 1565
337 1954
81 1463
379 1865
1110 1325
1042 1565
162 1329
854 1238
25 1833
866 1186
1111 2243
86 1503
68 1894
1062 2167
751 1368
896 1375
754 1377
793 1944
171 1708
728 2120
775 1806
135 1223
687 2279
526 2211
980 1697
825 1942
271 1485
939 1865
363 1196
429 2120
451 1605
551 1668
671 2107
1030 1507
132 2088
808 1390
1151 2130
363 1421
1138 1892
775 1960
319 1668
551 1781
992 1689
321 1449
978 1668
129 2076
454 2227
819 1195
793 1689
990 1325
775 1884
399 1573
872 1286
751 1710
2 1942
451 1820
412 2240
992 1901
505 2048
54 2073
4 1708
551 1804
808 2116
340 1746
706 1845
191 1381
321 2012
244 2288
178 2227
949 2227
1058 1492
620 1954
362 2240
863 2279
304 1662
297 1942
1062 1508
775 2133
363 2003
129 2152
431 1892
944 2270
235 1467
748 2120
677 1932
367 1865
754 1835
685 2243
817 1461
472 2112
34 1939
637 1922
196 1833
664 1662
107 2036
858 2017
77 1655
551 2025
1143 1194
1021 2093
258 1668
910 1383
491 2277
671 2271
698 2267
1016 1670
505 1198
809 1745
625 1938
302 1527
19 1705
81 1963
34 1707
52 1668
34 1530
132 1705
698 1785
653 1454
818 2120
664 1894
576 1219
112 1454
969 1892
416 2057
992 1806
775 1221
451 1711
661 1634
900 1697
987 2150
1016 2250
180 2113
637 1477
311 1892
1016 1607
54 1197
209 1375
235 1716
922 2261
994 1746
698 1519
384 1892
271 1861
451 1740
1061 2272
1051 1845
186 1708
53 1746
843 2222
51 2184
430 1223
181 1892
345 2188
939 1845
698 2206
1064 2083
1030 1718
1138 1503
754 1931
1165 1394
671 1412
599 1942
1099 2112
454 2240
879 1784
990 1820
1133 1634
345 1773
987 2055
1014 1942
74 2279
740 1682
517 1865
271 1710
19 1640
863 1773
1069 1329
859 2165
819 2191
873 1938
602 1461
829 1212
197 2279
132 1275
1088 2227
740 1479
0 1668
793 1651
1064 2212
819 2249
1040 2184
552 1894
505 1296
1154 2193
926 1579
992 1467
899 1702
1012 1375
573 1375
706 1892
345 1503
321 1756
526 2220
231 1954
657 2167
174 1458
505 2102
312 1634
192 1938
725 1746
112 1254
340 1184
496 1977
321 2058
1136 1383
291 2279
551 1697
1072 1236
392 1634
671 1268
1016 1465
461 1668
235 2282
271 1515
1144 2279
110 1845
299 1894
1081 2165
278 2130
505 2096
47 1567
321 1890
1016 2227
1114 2184
566 1383
858 1379
775 2194
323 2227
307 1421
437 1458
34 1367
864 1488
829 1520
819 2133
19 1840
864 1678
258 2130
32 1634
282 1605
634 1662
66 1194
34 1406
492 1503
555 1954
1016 2154
1165 2000
246 1421
332 1254
491 1426
495 1454
1004 2164
19 1691
751 1746
775 2167
54 1720
879 2121
14 1954
1015 1503
248 2036
843 1745
132 1718
244 1267
340 1490
864 1725
912 2057
988 2112
1072 2244
446 1483
700 1746
858 2229
65 2130
576 1697
191 2283
191 1593
1062 2097
59 1667
54 1224
704 2057
418 1662
819 1728
768 1655
1014 1545
1165 1653
998 1967
944 1897
444 1605
767 1503
1125 1194
1072 2167
505 1832
509 1865
864 1753
970 1954
1172 2167
473 1655
363 2187
481 1938
1061 1192
132 2120
680 1942
340 1317
925 2057
505 2035
496 1493
987 2111
854 1274
917 1746
1110 1421
235 1286
19 1429
478 1421
569 1194
671 1586
976 1655
992 1647
191 1228
171 1565
519 1254
840 1892
340 2073
551 2198
754 1804
990 2039
1021 1300
863 1536
1072 1492
793 1418
54 2116
19 2006
1174 2036
998 1745
1149 2165
864 1460
353 2120
491 1273
90 1949
391 1745
217 2120
340 1990
496 1607
641 1421
789 1745
1146 1605
142 1865
944 1697
677 1290
174 1930
759 1697
512 1677
858 1512
808 1980
793 2112
987 1751
541 1708
1100 1290
422 1938
1030 1668
854 1246
428 1461
235 2058
866 1583
975 1527
1030 2167
194 2243
399 2170
263 1708
872 1673
854 1878
294 1745
960 2165
271 1666
992 1497
1023 2112
296 2240
576 2109
225 2279
166 1708
135 1746
829 2194
491 1642
838 1254
174 2233
1061 1336
81 2213
132 1763
922 2056
84 1932
671 1815
723 1329
1061 1888
132 2252
781 2057
704 1702
46 1932
229 1667
514 1254
496 1877
567 2184
673 2282
687 2222
436 1462
910 1746
978 1892
1053 1942
739 1942
244 2219
787 1745
1154 2074
332 1667
722 1655
1030 1998
352 2036
180 1932
806 2036
81 1325
874 1662
845 1938
1062 1221
751 2084
883 1702
1074 1194
854 1675
998 1660
436 2184
82 2112
150 1833
637 1800
1023 1461
417 1845
922 1778
584 1375
1072 1871
598 1383
134 1932
998 1812
19 1939
244 2038
345 2133
26 2130
345 1789
12 1932
1089 1942
698 1339
36 1833
990 2109
922 1181
244 2164
782 1746
505 1599
469 2240
394 1605
451 1571
345 2064
408 1745
866 2224
399 1361
321 1296
278 1745
998 1828
244 1467
363 1710
271 2057
641 1746
627 1655
847 1254
661 1662
673 2189
512 2230
946 2112
399 1786
571 1329
987 1408
507 1194
1064 1744
751 2187
754 2222
944 1395
683 2222
491 1663
132 1818
556 1329
793 1799
285 2227
1062 1815
388 1383
1143 1603
321 2174
944 1701
956 2227
819 2102
793 2163
283 1954
191 1183
808 1445
1166 2184
1157 1708
944 2095
484 1290
491 1789
769 1702
1020 1483
1164 2120
19 1762
784 1746
1154 1313
944 1520
754 1763
23 2222
505 1923
1079 1894
1072 1193
191 2163
922 1231
491 1580
1058 1916
261 1697
5 2222
497 1746
745 1668
132 1614
54 1677
1030 1593
1021 1597
1027 1892
1062 2080
864 2163
858 2151
654 1892
775 1483
808 1327
745 1894
1013 1702
167 1454
174 1902
398 1746
864 2106
548 1565
172 2184
964 2184
195 1483
952 1892
340 1501
998 2201
858 1223
47 2049
1131 1565
1061 1889
491 1283
34 2208
174 1964
990 1574
1041 1667
568 1745
180 1957
990 1548
47 2061
34 1989
1165 2152
1088 1662
1118 1942
429 1892
1165 1926
28 1462
857 1845
1159 2279
242 1483
740 2104
551 1424
879 1649
758 1668
491 1960
992 1978
466 1938
526 1541
1021 2036
271 1509
196 2222
848 2036
495 2167
926 1462
793 1410
181 1746
1021 1989
243 2281
740 1478
879 1223
415 2130
146 1845
191 1789
944 1848
637 1475
345 1709
1154 2184
1158 1483
475 1223
290 2167
512 1997
793 1384
637 1209
235 1902
69 1325
808 1448
930 1865
754 1573
486 1892
864 1534
526 1534
1016 1246
1025 1708
271 2015
1104 1527
47 1196
43 2165
1014 2081
1064 1376
180 1701
863 2255
496 1422
363 1800
775 2183
866 1656
182 1421
374 1383
47 1846
829 1850
864 1524
990 1526
741 1746
412 2243
687 2227
244 2252
284 1833
728 1892
1058 1768
340 1856
19 2009
19 2235
321 1304
829 2114
395 1483
1021 2098
775 1984
863 1725
551 2096
745 1954
13 1325
879 1567
990 1183
673 2088
791 1605
815 2165
1014 1382
903 1634
526 1708
990 1640
536 1383
863 1325
858 1808
1125 1942
990 1595
793 1667
635 1932
1044 1565
731 1421
1021 1894
576 1815
308 1942
858 2275
1072 2146
1062 2041
1167 2164
262 1605
476 1329
998 1446
451 1696
54 1762
866 2190
1154 1501
922 2215
345 1988
836 1254
56 1383
321 1226
54 1387
834 1527
772 2240
559 1708
698 1384
47 1582
1025 1865
962 1667
130 1290
174 1832
115 2036
992 1308
1062 2035
998 1702
765 2279
210 1708
924 1655
185 1503
1119 1603
926 1217
436 1503
1165 1993
671 2267
1065 1845
944 1605
279 1954
173 1462
1028 1954
866 1599
271 1502
673 1909
612 1667
673 1577
160 1461
1061 2265
491 1414
991 1454
895 1892
271 1936
754 1777
1108 2036
627 1254
425 2240
863 1628
879 2240
551 1671
683 1697
1127 1667
863 1474
751 2094
924 1603
946 2036
802 1892
320 2227
127 1667
180 1333
1021 2286
1154 1422
879 1498
66 1697
243 2147
655 1223
992 1802
345 2028
81 1288
66 1668
253 2120
987 1271
576 1414
821 2165
751 2122
827 1667
471 1833
451 1854
1053 1954
1072 1767
1077 1454
952 2120
673 2053
1154 1585
730 1667
872 1976
645 1383
866 1410
551 2239
1030 1580
1072 2022
1152 1458
740 1740
705 1655
345 1868
863 1921
54 1703
638 1603
793 1934
879 2074
673 2127
505 1424
990 2277
205 1194
1030 2207
1146 1503
810 1894
92 1949
1165 1970
882 1454
440 1702
512 2135
263 1254
724 1745
505 1411
910 1290
863 1456
879 1216
858 1848
879 1603
451 1699
66 1325
391 1565
659 2036
363 1544
1064 1213
403 1605
576 1513
879 1981
573 2112
987 1764
925 1421
926 1264
740 1563
1137 2227
698 2240
526 2279
537 1845
469 1702
1061 2036
201 1655
1021 1374
161 2184
363 1905
1130 2120
576 1857
866 1935
643 1932
866 2197
819 1649
833 1833
399 1450
1119 1942
926 1256
1002 2036
737 1745
673 1932
191 1721
1118 1954
293 1745
998 1192
863 1388
721 1746
970 1894
477 1949
244 1272
19 1847
526 2270
886 2227
1058 1672
854 2039
578 2167
431 1375
321 1639
854 2107
496 1813
1021 2068
819 1939
119 1329
100 1461
910 1853
414 1708
302 2227
576 1996
960 1634
174 1606
235 1959
1061 1717
235 1554
872 1473
910 1653
627 1503
171 1655
244 1645
518 2057
132 1333
703 2279
853 1565
47 2170
272 1954
698 2199
740 2221
568 1290
180 1874
53 1325
24 1383
793 2037
662 2164
515 1892
443 1932
1165 2238
271 1583
99 1667
529 1667
39 1942
399 1686
174 2130
848 1745
243 1475
944 1895
1095 1655
1064 1655
340 2116
990 1391
1136 1461
1072 2208
81 1765
987 1404
1062 2197
819 1673
227 1938
817 1932
703 1833
1062 1323
858 1478
1122 1461
451 2158
244 1529
831 1634
180 2044
345 1432
655 1254
917 1458
872 1865
879 1865
321 1959
1030 2289
174 1848
858 1511
1005 2130
180 2057
129 1761
671 1871
129 2172
330 2120
727 1325
866 1758
624 1667
235 2025
139 1527
534 2036
180 1904
81 2130
1016 2248
868 1745
81 2124
829 2052
1154 1382
948 2184
1156 1461
966 2165
864 1212
636 1702
1109 1454
947 2120
754 1227
345 1866
987 1508
512 2250
754 1420
1067 1375
863 2080
746 2279
526 1396
775 1277
1062 1379
858 1931
363 1580
705 1745
1154 1854
235 2267
271 1931
941 1954
1154 1942
863 2015
132 1437
496 1446
854 1728
878 1290
879 1341
910 1826
1059 2036
998 1539
990 1384
554 1603
104 1254
195 1634
944 1278
59 1845
34 2284
143 1565
162 1325
921 2130
452 1697
180 2118
726 2112
926 2126
1137 1454
491 1403
1049 1527
530 1668
734 1697
698 1586
1100 1702
576 2112
132 1193
491 2194
857 1655
793 2215
311 1833
912 2227
1091 1383
244 1821
51 2243
481 1527
73 1833
879 1706
910 2012
567 2227
223 1458
1072 1531
863 1972
127 1833
1014 2268
1154 2008
191 1344
322 2227
829 1380
1016 1903
1072 1560
418 2036
858 2088
19 2120
637 1710
191 1960
661 1290
866 1532
1071 1662
399 1382
19 1210
683 1421
1165 1932
47 2229
1055 2165
819 2129
414 1194
926 2059
191 1440
111 2036
749 1892
864 2007
523 2279
1126 1462
992 2193
1030 1554
180 2265
1016 1880
1040 1697
191 1505
854 1567
391 2036
1016 2167
132 1468
827 1865
340 2013
1062 1563
34 1450
340 1588
854 2180
926 1344
1154 1201
987 2244
1154 1553
272 2120
1154 1352
1091 2243
40 2243
321 2239
698 1278
1021 1496
277 1483
657 2227
755 1634
1092 1833
19 1729
481 1954
106 2227
374 1745
751 1999
672 2164
637 1277
451 2057
806 1668
809 1194
180 2170
740 1729
827 2184
926 2266
569 1605
370 1375
751 1404
992 2279
243 1317
1154 1634
626 1462
1021 2202
653 1667
1061 1828
858 1681
129 2177
866 1580
75 2184
211 2164
129 1333
637 1959
1076 1702
363 1373
399 2147
275 1833
180 1296
1021 2021
909 2120
1112 1662
991 1461
637 1662
321 1929
1107 1375
129 1451
243 1488
475 1194
81 2182
808 1297
361 1892
1021 1708
829 1905
776 1708
485 1949
180 1748
842 1503
244 1971
243 1876
243 2057
1072 2043
524 2164
132 1593
363 2185
512 1288
1100 2243
819 2288
979 1603
992 1877
819 2170
973 1894
637 1492
872 1727
119 1605
655 2222
370 1254
990 1256
271 1421
1143 1462
81 2018
836 1565
926 1467
907 1462
480 2227
1166 1503
623 1949
1165 1938
794 2112
343 2167
244 1711
244 1899
922 1920
180 1975
1062 1192
56 2227
491 2254
1138 2240
817 1954
1121 1667
856 2227
854 2172
1014 1316
890 2227
1058 2279
702 1745
808 2248
152 1894
632 2120
699 1702
496 1714
872 1257
829 2025
1165 2285
751 2106
494 1942
132 2012
811 1223
671 1503
19 2212
879 1214
1058 1563
926 1443
1090 2130
370 2222
34 1222
364 2120
992 1584
271 1328
1025 1845
186 1458
1089 2227
1008 1745
997 1503
1016 2220
505 1877
586 1942
944 1360
345 2176
340 1658
1126 1634
1175 2165
107 1833
422 1949
1154 1796
1060 2120
680 1708
132 1350
638 1383
673 1925
53 1668
713 1605
19 2206
225 1194
926 1440
235 1748
1061 2266
19 1900
698 1953
313 1254
512 2226
323 1375
244 2109
724 1194
34 1265
363 1361
69 1708
990 1962
47 2115
793 1244
1001 1697
863 2128
808 1236
202 1667
34 1842
217 1932
631 1503
512 1310
593 1462
808 2126
922 1191
712 1892
271 2187
286 1932
576 2253
502 1194
340 2091
155 1845
612 2222
860 1697
549 1668
182 2184
992 1659
81 2101
232 1938
1102 1845
871 2057
57 1833
818 1605
671 1998
451 1982
419 1949
858 1662
551 1866
754 1634
944 1626
449 1932
321 1810
754 1913
409 1667
775 1841
67 1845
388 1668
5 1383
187 2120
740 1965
343 1454
645 1605
944 1393
340 1399
829 2206
998 1771
858 1648
863 1907
439 1833
505 1689
987 1814
597 1325
637 1734
1050 2279
858 1271
439 1954
698 1768
1139 1503
542 1702
1071 1461
399 2271
70 1527
854 1400
737 1865
504 1375
491 1890
911 1865
637 1948
754 2177
754 1477
1166 1746
922 1198
496 1408
516 1325
641 1708
639 1938
132 1357
140 1454
698 2253
793 1560
245 1458
260 1194
775 1245
632 1668
1169 2240
47 1473
990 2253
262 2165
594 1634
658 1938
156 2057
609 1503
990 1375
104 1954
819 1725
1094 1655
1062 1950
239 1421
1016 2177
505 1271
672 2222
986 1745
399 2276
164 1383
780 2167
673 1637
744 1942
1165 2197
551 2022
1165 1919
268 2164
505 1613
89 1949
968 1605
969 1708
321 1377
612 1702
244 2081
668 2240
793 1976
267 1458
1149 2112
47 1607
243 1271
1064 1239
244 1321
1061 1570
235 1864
505 1864
340 1601
47 1765
1142 1290
926 1181
671 1892
1060 1745
437 1667
872 1667
698 1375
291 2164
359 1662
1072 2172
1164 1462
1030 2061
19 1932
1016 2100
1062 2055
173 1662
491 1565
1159 1634
854 1210
426 1325
998 1615
345 2265
973 1462
754 2280
996 1194
944 1222
398 2222
793 1546
129 1889
132 1283
440 2227
556 2279
237 2222
998 1430
719 2130
926 1957
137 1949
1014 1870
1165 1388
1062 1676
248 1949
829 1962
992 1970
511 1503
99 1458
1040 1421
391 2243
749 1667
1061 2169
191 1664
132 2064
180 1427
698 1189
673 1739
47 1519
19 1892
698 1348
835 1667
54 2124
866 1980
832 2279
407 1605
658 1745
863 1846
889 2164
100 2165
93 1702
611 2227
592 1421
129 1569
866 1954
111 2130
969 1605
345 1522
116 1462
948 1565
495 1833
378 1603
1016 1343
829 1734
1108 1462
174 2145
428 2279
174 1761
47 1698
345 1624
420 1894
992 2065
910 1678
451 2049
671 1787
740 1375
484 1894
1030 2124
864 2023
1039 1329
139 1254
1144 1932
775 1784
923 1833
330 1565
469 2036
998 1486
803 1527
1138 1938
879 1231
27 2222
1061 1277
1165 1706
109 1454
445 2243
19 1806
321 1192
129 1593
599 1605
594 1454
517 2057
866 1995
910 1414
512 1290
174 1696
578 1655
1140 1329
1149 1662
1033 1697
512 2140
816 1932
811 1483
1102 2120
1058 1952
754 2187
100 2184
67 1421
271 1920
717 1746
754 1925
1111 1845
1063 1223
640 2036
19 1369
866 1425
792 1462
791 1290
829 1445
1043 1603
926 1936
673 1644
11 1527
837 2279
1061 1394
863 1960
751 1546
923 1565
879 1419
235 1378
863 1298
1042 2130
1165 1516
399 1681
1154 1339
36 1223
244 1643
1072 1703
879 2225
1064 2220
422 1503
673 1548
698 1665
54 1634
340 1311
312 1527
1058 1513
1081 1938
987 2025
872 2213
992 1608
785 2057
969 1483
1016 1383
505 2040
966 2057
822 1223
1149 1290
837 1949
604 1605
673 1474
829 2037
899 1938
926 1380
497 1845
1141 1949
637 1536
797 1745
998 1439
1049 2279
512 1660
1042 2036
191 2227
754 1276
496 1498
191 1744
885 1667
521 1325
910 1666
505 2283
271 1679
451 2264
793 2212
399 1542
1021 1811
191 2272
1062 2000
321 2262
1061 1653
106 1932
82 2036
157 2243
998 1490
1162 2222
740 2073
786 1454
858 1408
990 1874
529 2222
1058 2097
34 2193
505 2138
766 1458
399 1378
879 1252
1062 1807
244 1910
1165 1196
879 1820
160 2164
1014 1239
863 2252
87 1655
34 1323
819 2099
235 1290
501 1290
4 1932
34 1200
829 2068
775 1364
659 1290
961 1383
394 2184
586 2279
243 1486
858 1449
107 1655
726 1462
872 1906
1165 1616
677 2165
650 2240
512 1367
698 1743
1018 2240
739 2036
34 1681
526 1963
926 1383
659 1458
637 2023
808 1954
496 2235
244 1936
671 1667
56 1454
231 2165
119 1892
1102 1527
81 1707
658 1254
751 2118
491 1321
459 1383
829 1874
1047 1223
206 1458
1082 1708
1072 2104
765 1461
576 1545
180 1871
922 2008
357 1483
1014 1634
754 1323
872 1893
914 1421
803 1325
174 1855
1064 1890
550 2184
828 1223
1064 1503
1093 2036
1016 1483
364 1605
940 1894
1014 1937
1165 2089
1061 2033
271 1730
1085 2240
1103 1932
775 1305
818 1655
679 1655
1091 1223
707 1894
664 1503
944 2071
1030 1447
513 2227
819 1332
512 1886
854 2100
199 1605
505 1508
321 2216
505 1182
85 1483
234 2165
1058 2068
47 1913
337 1708
751 1958
54 1452
1062 1273
420 1892
922 1822
786 1223
496 2025
655 1942
321 1955
448 1527
505 1534
992 2247
303 1290
990 1388
856 1603
570 1662
418 1865
1054 1483
218 1254
491 1284
854 2125
754 1430
1021 1727
1064 1475
1102 2036
250 2164
440 1375
1030 1214
793 1583
1064 2223
998 1278
244 1830
453 1375
501 1708
491 2031
946 1503
915 2227
380 2227
387 1454
793 2255
1043 2036
847 1454
866 1806
129 1682
291 1708
54 1887
944 1644
698 1217
866 1751
243 1711
64 1662
990 1305
174 1639
1154 1496
1095 2164
922 2229
858 2187
75 2130
990 1892
544 1461
987 1328
632 2130
164 1662
517 1254
619 1954
775 1406
451 2252
1154 2011
568 1565
889 1745
732 1503
910 1964
863 2017
132 1334
1007 1865
47 1485
723 1254
1061 1941
505 1621
673 2198
216 1325
354 1565
717 1503
898 1223
829 1608
926 1866
47 1289
910 1578
877 2112
796 1949
1159 1223
819 1463
47 2063
321 1329
243 1407
359 1938
959 1708
134 1942
1139 2112
1112 1894
1014 2158
574 1503
1061 1897
576 2271
1044 1667
47 2240
61 1697
673 2239
34 1238
155 2164
408 1454
1016 1382
1064 1625
1064 2092
244 1758
904 1746
1030 1746
990 1406
987 1553
244 1690
1121 2057
809 1833
34 1901
907 1845
998 1273
44 1942
47 1948
1006 1954
1072 2196
526 2143
992 1578
363 1782
529 1892
863 1317
128 1894
987 1798
551 1285
208 2120
132 1308
1030 1541
775 1771
491 1743
854 1229
513 1708
792 1938
926 1245
1058 1619
1072 1725
863 1385
951 2227
129 1978
34 2261
987 2044
14 1194
990 2273
944 2254
54 1817
50 2227
866 1786
128 1845
361 1454
990 1319
582 1483
451 2098
972 1668
494 2184
671 1658
645 2184
387 1662
34 1379
47 1785
863 1995
910 1192
245 1503
877 1745
1010 1745
363 1984
47 1515
824 1942
340 2241
191 1578
19 1789
738 1254
321 1655
323 2057
363 1556
512 2040
512 1232
19 1624
512 1876
345 1476
809 1254
379 1383
451 1635
491 1681
754 1610
1064 1976
97 1833
526 1767
872 1705
129 1618
783 2184
803 1329
637 1498
1044 1605
132 1626
1061 1865
19 1922
944 1759
271 1383
1058 1893
872 1742
527 1290
863 1742
363 2048
709 1605
1014 1684
496 1223
363 1573
58 1527
895 1954
872 1271
528 1668
879 1536
363 1355
872 2116
637 1387
637 1989
864 1354
464 1462
252 1655
534 1329
271 1829
54 1409
451 1295
271 2056
340 1889
595 1565
551 1474
992 1960
216 1708
671 2050
393 1894
244 1384
47 1994
135 1942
906 1603
944 1561
19 2057
816 1375
337 2112
673 1421
333 2165
353 1949
808 1745
271 1697
737 2130
926 1525
910 1872
1064 1485
129 1255
140 1954
129 1328
775 1638
143 1954
1133 1461
405 2167
8 2164
658 2279
1017 1503
244 1768
686 1655
793 2203
717 1932
491 1368
1021 2150
551 1326
1103 1745
147 2227
512 1942
1044 1634
307 2120
551 1466
551 1341
35 1942
28 1194
1061 1267
174 1550
1016 2046
637 1968
708 1454
698 1947
793 1691
981 2240
1049 1254
798 1325
1159 1954
404 1894
340 1906
1022 1942
105 2227
256 1697
641 1667
872 2130
959 2057
883 2036
671 1817
532 2222
926 2234
512 2192
740 2125
34 1621
339 1634
399 1564
1058 1701
526 2065
660 1954
300 2279
699 1938
1058 2210
496 1421
537 1697
854 1286
889 2184
1098 2222
1061 1911
688 2279
5 1662
835 1938
1019 2227
34 1927
918 1746
757 1565
910 1911
1093 1325
202 1894
496 1286
930 1634
197 1375
854 1823
775 1607
843 1458
495 1503
673 2285
65 1655
1064 1809
808 1298
857 1932
897 2165
854 2132
363 1338
209 1605
234 1746
526 1440
910 2134
47 1577
395 1454
397 1938
775 1209
292 2167
927 2164
114 1667
910 1443
47 1872
81 1771
1128 1290
1136 1746
798 1254
679 1662
1016 1712
879 2242
505 1303
993 1483
858 1262
1154 1456
866 2057
551 1417
698 1887
991 1634
321 2184
847 2184
879 1686
775 2226
854 1761
879 1448
992 1322
1064 2190
1061 1756
371 1697
854 2197
345 1971
354 1708
186 1942
1053 1892
1058 1837
808 2205
701 1325
854 1333
751 1867
770 1461
1016 2076
775 1357
872 1922
296 2057
793 1403
797 1949
674 2057
743 2167
363 1555
1016 1910
1008 1845
674 2130
1159 2112
922 1697
269 2240
526 2004
551 1864
363 1686
1064 1893
602 1565
552 2243
839 1329
740 1939
54 1319
1016 2185
674 1845
740 2201
819 1360
1014 2259
640 2165
1154 1945
244 1968
345 2177
47 1181
1127 1745
235 1782
168 1383
55 1865
1122 1833
517 1668
866 2229
819 1303
560 2130
387 1462
614 1383
1064 1428
191 2139
1064 1759
872 1350
998 1599
200 2184
987 1579
865 1605
1058 2101
808 1336
910 1371
696 1932
477 1483
819 1881
864 1941
107 1194
52 1865
754 2245
258 1865
1058 1443
740 1593
826 2130
1052 1383
628 1383
1014 1352
864 1628
421 1668
491 1705
524 1603
825 2227
340 1864
998 1626
116 1942
864 1644
451 1914
1061 2073
992 2097
379 1702
453 1565
19 1947
637 1246
1061 1860
734 2243
429 1290
1072 1309
740 2240
1090 1938
740 1842
12 1668
271 1654
854 1784
864 2032
908 2222
922 2217
845 1290
690 1655
987 1230
1021 1549
243 2164
512 2179
551 1959
775 1348
576 2035
1021 1546
659 1865
952 1667
879 2199
673 2252
926 1302
743 2243
829 2258
1051 2184
922 1758
1103 1461
926 1460
1165 1707
180 1694
918 1565
998 1859
117 1458
640 1290
998 1394
1144 2130
560 1375
403 2130
998 1483
879 1449
191 1510
399 1763
1162 1325
1058 1784
863 2187
496 1278
1164 1290
47 1332
47 2013
740 1295
866 2010
808 1225
1016 1206
505 1485
740 1938
1030 1182
1014 1743
1109 1223
502 1954
411 2227
345 2267
811 1329
754 1388
363 1649
864 1872
47 1776
486 1865
863 1577
47 1320
848 1942
1165 1440
819 1976
345 1870
951 1949
