589 537 1093
552 1118
177 767
248 808
71 676
448 990
524 1064
340 886
565 1103
586 1109
264 797
235 800
385 902
281 816
421 989
126 719
513 1079
71 620
284 846
372 897
513 1060
69 634
418 936
175 762
288 844
88 687
110 714
543 1085
479 994
278 802
246 798
145 744
428 976
156 736
283 842
96 725
199 775
514 1085
469 1001
214 787
489 994
331 885
284 841
254 809
47 615
195 775
407 969
552 1103
560 1121
157 734
81 668
492 1035
227 783
552 1123
356 893
163 751
407 930
283 874
444 981
243 803
416 930
550 1064
75 703
407 947
9 594
348 898
235 797
296 845
460 1025
84 667
191 768
98 725
510 1048
133 717
385 911
144 736
235 814
212 790
145 746
407 959
237 816
423 987
514 1062
220 779
315 882
389 909
500 1029
515 1060
515 1094
2 589
125 723
456 994
490 1003
513 1068
307 887
231 783
1 591
409 969
393 912
228 787
514 1079
529 1068
237 832
547 1060
116 729
67 650
535 1065
36 601
416 935
302 885
48 603
540 1098
96 714
336 888
283 876
235 796
119 725
290 838
461 1016
247 822
254 797
456 1004
477 993
554 1123
33 618
480 1022
465 994
291 842
360 894
63 622
408 933
334 884
354 898
165 753
63 643
145 752
167 760
511 1036
63 620
351 891
539 1068
245 796
429 983
73 671
493 1044
236 826
436 982
552 1109
246 814
76 671
459 995
407 931
253 824
492 1052
73 693
341 884
149 746
443 981
211 779
459 1023
40 608
492 1055
417 930
438 983
267 807
113 714
496 1030
417 967
498 1028
492 1056
531 1084
236 798
415 930
62 649
503 1054
31 599
286 844
421 978
231 785
269 801
388 909
74 681
237 802
94 668
98 720
241 797
1 592
492 1027
265 814
305 884
511 1046
201 775
558 1109
43 610
409 930
435 976
491 1040
290 842
501 1056
167 762
223 793
310 886
69 659
145 734
91 681
394 902
182 760
331 889
160 736
222 780
398 901
263 817
64 656
288 855
419 936
343 891
354 899
287 844
493 1046
211 780
421 986
525 1061
459 1005
554 1105
509 1047
212 792
324 883
164 754
415 932
408 955
144 734
402 907
42 611
348 899
420 957
38 601
167 775
553 1119
235 806
464 1012
170 761
73 668
427 988
421 985
67 628
470 998
576 1121
290 852
80 699
270 831
323 889
179 766
52 609
94 670
134 714
288 847
421 990
292 844
62 622
512 1068
562 1103
172 766
144 737
461 994
4 598
20 596
172 768
498 1053
144 755
545 1069
326 885
143 732
406 907
581 1113
395 912
293 857
68 620
211 762
284 850
90 709
498 1029
168 761
284 870
495 1042
513 1097
533 1088
99 731
491 1027
63 621
505 1049
99 727
145 739
284 851
494 1029
32 604
19 592
239 803
29 596
514 1094
61 601
113 730
99 719
552 1111
513 1075
493 1029
221 793
221 780
98 714
235 798
237 803
528 1073
579 1106
4 590
285 837
58 601
497 1027
492 1042
575 1117
391 919
144 753
283 857
33 604
73 667
407 942
383 909
552 1110
381 924
422 976
512 1074
349 891
92 684
459 1017
456 1013
458 994
410 930
469 994
1 594
536 1064
71 667
552 1104
110 717
75 668
147 732
549 1096
149 734
168 770
520 1060
421 979
407 932
266 801
491 1050
513 1100
392 907
251 829
213 782
423 981
401 902
71 677
277 827
342 895
210 768
294 839
530 1082
378 898
327 886
397 907
513 1084
217 780
230 780
235 812
421 947
168 760
225 786
381 905
235 821
343 895
563 1111
301 882
184 763
421 982
513 1102
107 714
545 1060
109 714
421 976
291 871
248 801
177 763
406 956
291 862
440 978
240 798
239 813
439 977
234 794
135 725
249 796
381 902
463 994
342 892
473 1011
241 796
39 602
423 984
406 959
67 624
586 1102
50 601
283 849
172 771
286 856
467 1019
75 691
458 1015
508 1059
383 904
513 1072
465 1014
168 777
117 726
212 782
406 940
79 670
492 1058
218 784
348 892
33 616
238 805
211 784
69 646
238 820
44 601
151 733
63 640
384 902
238 810
4 597
504 1029
552 1119
216 781
158 734
29 589
583 1105
63 642
420 936
568 1106
235 793
108 726
514 1071
245 828
60 614
414 958
283 845
539 1100
399 901
247 799
512 1065
321 882
468 1023
530 1062
109 723
238 827
400 925
144 739
512 1064
522 1064
222 795
497 1030
71 700
464 1024
63 625
67 622
70 627
35 601
143 716
412 931
417 968
148 733
548 1090
494 1028
317 884
116 721
562 1102
66 622
464 993
366 891
479 1009
473 1026
245 804
454 976
145 748
63 633
223 779
283 859
509 1057
387 901
169 775
456 998
209 775
552 1120
495 1027
155 760
359 892
215 783
362 892
476 995
283 841
41 617
242 821
145 736
426 977
493 1034
283 872
95 680
554 1114
514 1060
461 1021
96 684
517 1086
270 799
86 711
396 925
416 945
466 993
96 722
69 625
4 592
518 1060
223 796
236 801
1 595
5 594
317 888
552 1064
71 698
526 1060
521 1061
64 621
32 600
460 1000
65 667
144 733
336 885
71 670
70 641
553 1102
202 764
457 993
64 625
283 837
395 908
552 1102
75 693
73 688
33 602
238 802
16 589
168 774
55 614
492 1051
276 814
517 1060
35 611
553 1125
297 882
494 1039
161 755
403 908
418 939
551 1088
558 1115
492 1032
259 803
363 891
345 897
314 889
95 707
504 1041
356 891
386 918
554 1121
250 806
189 768
168 763
505 1034
249 804
493 1037
283 856
168 767
251 836
286 861
406 930
306 882
302 888
521 1076
321 883
74 667
525 1076
26 599
107 732
215 789
513 1089
512 1081
467 1003
299 882
14 594
235 825
493 1045
297 883
431 988
456 999
387 913
427 981
242 798
141 716
69 635
467 993
22 590
260 804
407 961
324 884
546 1085
65 643
513 1063
149 745
297 891
495 1032
513 1070
233 794
230 779
376 892
313 882
564 1104
65 622
297 890
530 1085
552 1122
344 901
488 1000
0 596
414 931
61 613
154 759
313 890
96 712
63 624
101 727
96 721
34 610
531 1079
235 799
310 882
456 1027
62 626
100 715
505 1038
577 1110
64 638
538 1071
338 882
74 677
493 1028
217 779
370 891
92 674
295 847
412 972
411 944
407 936
214 786
229 781
396 908
248 807
460 993
385 907
494 1054
71 668
493 1060
1 590
215 790
412 943
416 962
35 606
381 922
174 768
345 891
266 802
383 921
408 931
407 970
84 711
150 751
239 802
219 792
77 685
273 828
528 1065
502 1028
153 751
534 1060
170 763
414 933
27 594
41 609
34 601
145 733
213 785
536 1073
381 903
38 619
369 891
432 977
70 639
71 695
169 760
501 1041
552 1108
238 808
433 976
69 638
467 994
257 801
381 915
22 589
145 738
64 635
573 1117
521 1066
252 798
473 993
472 993
273 796
67 665
484 994
459 999
237 818
548 1096
407 940
350 894
285 867
303 884
139 726
456 995
483 994
236 819
459 1008
261 814
386 904
573 1124
72 667
202 777
522 1060
417 975
582 1111
564 1102
143 749
508 1031
96 673
357 895
71 690
69 636
283 840
41 608
97 714
344 892
492 1047
493 1036
34 612
407 954
144 732
361 891
309 882
284 844
403 925
33 600
38 603
494 1048
400 908
367 892
457 995
233 793
171 762
145 741
346 891
59 601
179 778
397 904
349 892
423 980
85 710
448 985
167 773
144 735
505 1028
492 1030
456 976
24 589
253 801
283 838
533 1079
492 1029
34 613
67 664
32 601
137 727
33 601
229 779
552 1113
90 673
69 655
341 885
495 1033
236 823
145 747
424 977
167 770
246 812
384 912
297 851
371 892
145 740
286 858
462 1006
335 886
555 1112
295 844
411 976
168 764
514 1078
40 609
508 1027
322 884
570 1102
49 602
232 791
411 941
32 615
34 608
136 721
492 1028
183 762
285 866
364 896
1 593
150 735
95 668
408 944
97 716
250 797
398 906
138 727
78 674
529 1074
90 674
421 993
172 779
386 916
389 907
162 747
283 801
78 673
8 589
178 762
78 687
416 974
444 987
541 1073
150 733
390 902
580 1121
486 993
458 993
382 903
521 1101
439 986
145 742
372 891
523 1060
156 753
17 592
73 700
170 772
256 799
459 998
293 841
457 997
68 621
154 756
164 745
571 1120
492 1040
99 715
88 673
519 1067
143 741
78 692
281 818
552 1117
465 1021
376 894
407 938
491 1028
32 593
212 783
388 907
46 614
99 714
323 882
456 993
172 778
237 829
499 1052
556 1114
552 1105
408 941
342 891
4 599
267 827
298 882
238 801
406 902
208 775
457 1007
144 750
390 906
574 1113
271 815
170 764
458 1012
475 1022
96 716
391 902
496 1035
513 1062
327 884
513 1081
411 933
517 1102
39 601
80 685
552 1112
160 740
237 811
114 716
381 901
556 1105
190 762
0 589
286 860
567 1109
136 714
358 891
215 791
552 1124
314 885
286 846
457 1002
347 891
57 601
364 891
494 1043
384 908
62 620
45 602
426 981
513 1080
244 799
559 1103
581 1110
432 978
306 886
167 751
37 610
170 760
456 1020
211 781
454 982
471 993
51 601
76 667
99 718
404 907
4 600
255 798
513 1086
501 1029
514 1090
471 1000
513 1061
167 769
303 883
237 801
220 793
461 993
144 743
512 1067
406 951
404 927
284 853
510 1029
146 759
435 991
284 845
269 834
569 1103
478 1018
103 716
30 589
320 882
34 603
169 766
85 682
192 766
168 762
264 815
283 854
410 932
145 737
1 589
421 977
568 1102
554 1111
453 977
216 784
252 819
251 826
388 926
413 937
512 1060
140 726
224 779
333 882
392 902
70 623
420 938
258 796
280 801
28 592
386 902
413 930
462 993
577 1113
275 801
407 948
287 880
32 614
85 676
237 837
98 726
93 692
399 928
238 807
345 894
204 763
96 728
63 623
556 1116
65 658
283 850
129 725
168 765
291 852
67 666
12 596
587 1113
381 923
79 668
144 760
52 603
464 1018
540 1060
63 631
263 800
329 882
35 616
389 927
146 756
77 703
468 1027
283 839
588 1117
304 885
408 973
220 794
147 749
307 883
565 1106
4 593
72 669
421 983
71 713
318 884
423 988
285 840
