971 989 2630
259 1776
609 1907
227 1095
739 1488
118 1794
157 1288
702 1818
614 1237
650 1356
426 1127
259 1008
654 1444
753 1733
835 1747
83 1690
11 1717
142 1150
841 1534
81 1461
304 1014
275 1893
462 1826
191 1821
946 1339
134 1870
368 1438
746 1583
628 1678
904 1410
330 1306
535 1695
595 1065
960 1605
325 1825
369 1648
258 1299
200 1938
150 1024
54 1853
418 1819
98 1856
190 1018
260 1196
55 1137
280 1872
816 995
95 992
361 1626
99 1319
351 1832
789 1146
918 1167
828 1543
163 1502
661 1158
874 1636
820 1064
837 1199
885 1394
166 1743
608 1780
940 1874
488 1594
685 1796
642 1905
38 1632
44 975
477 1321
362 1877
231 1813
928 1316
857 1862
599 1742
924 1894
223 1684
29 975
119 1599
788 1237
271 1679
431 1226
434 982
287 1294
183 1439
173 1917
153 1332
65 1467
693 1776
152 1395
205 1186
439 1958
837 1448
926 1009
86 1382
905 1776
852 1168
577 1028
87 1909
537 1852
280 1312
37 1064
457 1329
488 1102
475 1686
268 1823
496 1482
459 1669
423 1065
491 1191
338 1944
295 1356
170 1060
507 1149
571 1942
929 1921
327 1107
111 1729
754 1022
740 1947
444 1221
921 1624
289 1383
776 1904
600 1928
99 1322
232 1853
20 1466
966 1042
62 1477
7 1908
530 1043
62 1945
228 1518
199 1258
271 1126
86 1933
109 1863
230 1050
277 1438
839 1111
354 998
156 1597
532 1781
694 1930
335 1549
186 1445
82 1928
77 1745
601 1874
698 1896
711 1507
62 1576
445 1496
83 1419
774 1052
726 1064
894 1779
436 1177
898 1877
361 1212
808 1865
567 1121
641 1874
74 1316
845 1476
303 1547
128 1773
684 1747
714 1429
200 1237
731 1441
700 1933
607 1639
506 1002
640 1642
352 1296
375 1646
612 1118
475 1204
238 1427
350 1272
484 1878
856 1752
370 1947
552 1367
764 1579
329 1361
327 1176
453 1758
199 1606
910 1517
140 1486
931 1420
150 1142
525 1806
950 1107
589 1739
589 1356
819 1615
427 1606
748 1813
330 1864
342 1758
667 1514
896 1260
873 1370
245 1743
96 1944
606 1861
27 1744
636 1654
308 1492
494 1304
500 1235
349 1256
23 1498
341 1519
850 1621
729 1161
858 1393
632 1565
284 1118
798 1376
512 1544
941 1846
824 1377
129 1210
43 1715
355 1413
937 1161
933 1234
785 1165
409 1389
268 1418
540 1231
820 1265
95 1048
803 1702
741 1775
780 1110
213 1581
662 1416
724 1403
904 1919
77 1735
181 1524
897 1537
43 1108
131 1656
285 1659
929 999
959 1027
554 1290
291 1851
310 1403
770 1459
878 1487
253 1956
166 1361
828 1427
450 1215
779 1206
753 974
41 1075
412 1319
561 1885
46 1594
717 1147
455 1037
335 1447
359 1203
378 1495
37 1754
775 1666
193 1498
25 1893
557 1779
773 1059
806 1483
964 1957
799 1221
788 1397
501 1308
963 1333
630 1614
301 1496
220 1300
911 1853
763 1304
174 1423
357 1757
431 1719
269 1786
801 1245
970 1793
886 1059
325 1067
5 1896
500 1431
126 1412
450 1774
233 1784
679 1752
589 1702
760 1741
893 1138
938 1907
370 1180
261 1083
824 1691
520 971
534 1827
589 1133
87 1285
637 1609
130 1117
598 1826
655 1088
846 1675
376 1430
825 1799
346 1767
287 1843
561 1220
677 1019
967 1226
411 1106
198 1774
425 1713
610 1572
661 1200
22 1707
778 1074
687 1846
612 1920
733 1454
681 1025
523 1398
294 1407
87 1451
428 1293
553 1292
297 1775
195 1791
925 1249
362 1429
436 1279
657 1724
814 1865
831 980
614 1802
333 1391
939 1676
335 1671
718 1538
158 997
363 1662
501 1678
498 1799
278 1083
824 1197
676 1327
516 994
812 1663
801 1040
510 1431
579 1740
443 1416
134 1896
556 1325
97 1666
320 1690
741 1518
724 1571
435 1465
56 1406
884 1756
133 1053
755 1241
448 1271
817 982
401 1372
54 1906
651 1350
551 1697
217 1770
360 1071
218 1070
152 1423
326 1383
762 1200
216 1209
452 1659
465 1430
705 1754
931 1002
891 1089
428 992
852 1617
79 1409
98 1721
715 1611
256 1465
57 1396
685 1256
170 1268
347 1041
620 1857
551 1186
946 1764
257 1503
263 1141
258 1832
723 986
949 1648
83 1040
165 1846
465 1590
933 1659
466 1353
859 1481
628 1653
315 1556
546 1789
872 1617
99 1846
320 1530
899 1841
504 1030
888 1366
260 1289
303 1008
216 1618
961 1223
800 1686
927 1936
675 1265
888 1201
695 1430
129 1785
10 1755
328 1821
497 1218
574 1540
225 1570
422 1802
582 1005
106 1941
531 1218
691 1101
6 1017
483 1858
279 1724
610 1125
486 1784
353 1610
653 1728
168 1545
76 1319
812 1318
7 1324
537 1103
426 1497
735 1247
633 1923
928 1634
323 1876
684 1552
425 1382
364 1805
341 1144
266 1522
36 977
642 1000
132 990
951 1276
330 999
603 1688
841 1433
970 1167
912 994
318 1630
340 1934
126 1684
13 1547
777 1743
477 1767
810 1551
492 1089
363 1713
216 1941
125 981
204 1129
721 1858
264 1798
82 1240
674 1819
587 1258
652 1136
740 1407
806 1882
632 1055
773 1939
179 1024
516 1389
824 1082
472 1436
591 1001
484 1741
631 1872
734 1649
404 1259
960 1671
460 1098
119 1760
114 1126
526 1363
345 1612
70 1416
509 1640
533 1015
961 1309
55 1214
74 1659
156 1091
932 1731
60 1218
186 1191
79 1007
770 1167
44 1181
667 1639
193 1930
375 1800
334 1157
651 1392
264 977
644 1421
477 1099
201 1236
616 1913
441 1710
405 1007
813 1632
605 1337
208 1415
383 1580
755 1818
667 1773
544 1035
846 1256
30 1311
951 1402
683 1568
819 1343
284 1875
852 1917
268 1123
214 1219
119 1700
556 1918
289 1205
64 1519
628 1249
597 993
395 988
550 1890
954 1597
681 1190
654 1169
616 1689
924 1928
859 1001
5 1479
883 1043
652 1359
818 1300
422 1643
224 997
54 1911
288 1195
711 1607
586 1904
660 1529
701 1107
710 1552
340 1260
397 974
337 1837
436 1818
91 1695
241 1544
409 1130
127 1107
537 1298
376 1220
543 1205
278 1499
153 1169
917 1383
93 1289
745 1210
948 1375
607 1531
742 995
65 1690
711 981
286 1422
930 1179
44 1311
70 1437
100 1600
759 1029
32 1749
788 1195
358 974
550 1176
167 1357
821 1793
347 1939
812 1094
190 1368
27 1251
608 1063
318 1909
426 1927
958 1382
262 1782
732 1290
782 997
204 1524
914 1422
926 1497
524 1256
336 1595
754 1590
445 1457
110 1517
569 1164
147 1706
415 1756
308 1388
253 1480
361 1061
865 1407
676 1282
654 1631
885 1455
796 1044
30 1801
792 1622
710 1088
273 984
577 1460
145 1844
439 1054
620 1701
412 1175
12 1484
361 1492
574 1147
36 987
870 1706
967 1339
334 1231
423 1492
947 1360
761 1241
122 1281
939 1890
433 1266
800 1469
540 1435
272 1688
490 1572
521 1695
386 1731
382 1632
799 1190
389 1415
517 1898
909 1127
271 1084
410 1805
788 1331
352 986
11 1270
820 1312
742 1452
485 1139
580 1488
935 1474
647 1781
938 1623
767 1457
654 1057
786 1659
87 1841
781 1635
269 1098
380 1802
324 1314
876 1882
626 1009
363 1180
2 1133
515 1562
598 1776
347 1493
309 1428
789 1792
147 1640
467 1530
32 1788
748 1712
231 1333
837 1410
704 1708
10 1140
872 1742
798 1820
439 1772
497 1779
94 1790
483 1929
218 1789
886 1192
618 1102
872 1856
28 1068
411 1628
516 1144
28 1169
268 1168
766 1431
700 1080
661 1805
246 1425
573 1474
352 1799
292 1686
391 1589
689 1653
623 1117
960 1041
263 1643
14 1562
781 1568
719 1048
455 1229
813 1793
628 1679
446 1005
954 1212
884 1510
437 1714
754 1065
55 1382
607 1385
546 1718
147 1653
76 1505
142 1955
598 991
16 1598
470 1636
428 1648
846 1217
674 1935
341 1106
766 1007
494 1371
118 1401
108 1422
675 1704
835 1766
275 1417
233 1126
967 1246
624 1530
248 1470
337 1506
623 1894
176 1160
932 1467
263 1429
879 1632
9 1612
493 1080
629 1532
210 1955
434 1337
657 1868
554 1316
688 1644
49 1582
894 1318
482 1205
353 1440
262 1671
583 1445
685 1733
335 1935
676 1109
638 1151
484 1867
856 1520
922 1445
256 1565
391 1704
314 1340
148 1850
733 1802
483 1251
297 1761
442 1407
838 1514
711 1428
312 1609
806 1860
279 1003
687 1163
72 1021
260 1134
313 1126
917 1272
185 1388
172 1643
110 1936
650 978
853 1056
192 1675
97 1519
738 1621
863 1903
964 1904
181 1838
639 1369
191 1706
442 1738
707 1809
37 1876
472 1872
852 1377
486 1589
401 1644
319 1844
810 1014
53 1943
310 1194
254 1574
30 1949
970 1304
708 1141
944 1505
552 1305
132 1399
830 1540
286 1436
392 1466
843 1342
617 1843
366 1080
44 1460
843 1150
239 1167
458 1671
887 1710
610 1362
10 1462
415 1594
704 1636
801 1236
248 1225
495 1045
631 1256
528 1037
582 1332
844 1806
918 1883
404 1730
625 1568
35 1955
499 1101
734 1449
25 1242
656 1611
297 1064
908 988
966 1653
454 1846
300 1649
739 1477
453 1454
555 1845
117 1220
470 1177
489 1266
855 1221
698 1472
216 1262
417 1641
847 1700
30 1906
353 1593
771 1294
306 1910
366 1676
526 1288
162 1164
411 1416
29 1312
742 1132
735 1677
560 1122
2 1123
200 1072
566 1067
699 1838
935 1773
432 1907
580 1516
551 1125
313 1868
58 1489
232 1645
652 1327
970 1489
256 1464
467 1759
849 1908
86 1550
374 1931
895 1287
27 1620
428 985
823 1121
947 1631
867 1710
760 1049
431 1854
25 1434
210 1711
586 989
823 1350
254 1293
310 1498
710 1698
929 1764
67 1693
561 1490
10 1918
49 1914
461 1724
312 1191
16 1183
226 1744
661 1279
40 1327
364 1686
613 1270
76 1454
833 1367
628 1781
543 1034
543 1403
939 1047
926 1100
752 1775
529 1861
408 1837
160 1170
465 1927
639 1067
140 1533
303 1167
842 1235
670 1707
82 1687
855 1078
289 1263
896 1605
589 1649
433 1742
649 1365
382 1610
626 1242
706 1492
879 1941
73 1082
492 1233
840 1309
228 1464
813 1626
131 1016
400 1108
762 1698
962 1629
621 1588
290 987
6 1599
651 1721
813 1277
855 1941
895 1805
860 1509
80 983
368 1737
139 1658
493 1311
652 1688
831 1832
82 1368
753 1491
457 1721
8 978
199 1034
554 1430
896 1366
148 1828
718 1863
369 1526
411 1477
447 1722
793 1488
204 1911
451 1636
771 1005
296 1305
851 1680
6 1817
30 1808
829 1842
695 1082
437 1872
386 1725
772 1648
324 1790
251 1849
722 1146
501 1271
63 1308
249 1888
23 1646
697 1785
245 1545
820 1087
794 1024
414 1298
400 1304
449 1770
142 1379
405 1195
331 1801
46 1889
720 1611
520 1140
967 1112
737 1010
48 1723
364 1152
871 1807
554 1308
875 1563
367 1463
835 1317
331 1753
921 1407
812 1652
797 1950
635 1730
70 1334
589 1589
46 1183
658 1351
694 1188
92 990
48 1819
902 1856
351 1036
450 1212
739 1899
647 1463
117 1492
942 1278
137 1560
789 1485
588 1162
265 1762
309 1432
201 1231
470 1502
713 1471
382 1854
543 1457
299 1605
855 994
544 1909
871 1258
965 1534
633 1652
387 1884
347 1884
554 1840
454 1773
546 1026
449 1620
326 1244
887 1850
76 1267
436 1729
406 1223
847 1012
376 1239
126 1028
714 1657
555 1901
243 1782
564 1654
950 1956
326 1925
303 1316
189 1617
65 1776
123 1253
100 1528
130 1316
430 1091
254 1049
856 1416
120 1496
935 1840
296 1836
253 1812
946 1694
7 1631
170 1905
900 1437
558 1545
675 1808
1 1175
829 1718
840 1689
748 1471
600 992
885 1255
711 1042
748 1892
738 1065
826 1936
70 1021
423 1644
926 1948
182 1951
680 987
329 1122
699 1837
482 1396
514 1119
717 1341
702 1614
694 1367
755 1865
274 1476
328 1726
337 1808
336 1114
696 1319
489 1904
19 1213
620 1568
797 1398
362 1192
297 1755
941 1339
385 1573
381 1111
82 1764
467 1735
11 1277
249 1530
228 1048
210 1736
802 1206
556 1135
237 1834
487 1420
340 1763
428 1710
444 1162
2 1870
521 1794
690 1375
381 1909
321 1647
372 1819
548 1619
156 1739
911 1697
182 1496
391 1215
884 1916
62 1530
341 1413
632 1414
201 1225
832 1950
212 1088
784 1020
401 1366
239 1130
496 1382
78 1843
553 1609
65 1817
536 1802
862 1289
289 1389
786 1665
698 1442
468 1653
36 1394
315 1790
723 1153
558 1591
380 1852
8 1489
556 974
785 1113
724 1633
571 1086
253 1889
146 1023
670 1089
555 1186
706 1109
633 1499
1 1239
834 1058
619 1701
582 1434
820 1468
751 1398
399 1001
532 1677
804 1089
447 1087
940 1564
496 1473
371 971
536 1629
806 1914
609 1184
215 1315
123 1418
101 1091
222 1050
509 1039
148 1649
948 1798
493 1631
525 1548
863 1195
472 1521
437 1749
407 1551
209 1021
594 1481
476 1339
963 1525
721 1001
570 1347
413 1460
461 1253
667 1689
362 1576
584 1308
771 975
540 1285
34 1957
445 1495
174 1717
669 1250
66 1624
675 1163
50 1712
147 1251
812 1798
359 1261
825 1321
613 1624
702 1040
253 1706
307 1165
970 1216
23 1091
191 1407
800 1140
695 1654
776 1499
266 1037
349 1543
436 1934
660 1545
219 1474
322 1271
106 1539
725 1206
649 1463
20 1145
8 1427
413 1441
247 1485
947 1613
229 1205
144 1755
789 1551
181 1207
69 1586
368 983
674 1282
113 1106
61 1369
590 1807
128 1730
152 1496
656 1227
927 1252
747 1174
101 1564
270 1381
655 1544
753 1938
900 1204
819 1070
19 1522
903 1918
396 1438
515 1777
623 1395
169 1785
682 1122
931 1047
742 1708
888 1543
597 1355
927 1884
770 987
865 1919
738 981
584 1300
588 1905
284 1939
570 1129
967 1093
730 1320
819 1767
885 1006
558 1808
575 1647
547 1842
151 1467
620 1551
901 1554
157 1696
245 1052
356 1416
727 1696
163 1646
649 1777
937 1942
284 1502
374 1541
370 1158
798 1447
628 1433
713 1954
186 1189
724 1933
68 1582
26 1139
480 1067
334 980
11 1695
702 1878
589 976
753 1086
269 1192
631 1462
776 1410
472 1343
712 1688
227 1036
410 1767
758 1760
667 1360
74 1208
509 1458
577 1036
178 1845
765 1116
782 1215
32 1343
963 1659
371 1720
645 1393
205 1178
934 1693
719 1727
836 1064
624 1238
205 1099
118 1698
826 1422
643 1822
671 1756
77 1341
320 1650
765 1545
740 1315
865 1416
834 1956
443 1287
59 1504
9 1118
205 1632
469 1263
759 1674
703 1511
409 1847
136 1753
332 1566
174 1601
740 1159
403 1120
876 1641
855 1335
181 1727
328 1788
17 1682
274 1450
175 1091
753 1331
497 1067
649 1908
723 1398
90 1497
92 1717
967 1518
814 1063
312 1906
281 1008
887 1270
800 1528
648 1779
372 1832
331 1362
184 1232
396 1482
526 1277
533 1308
927 1918
128 1854
326 1757
186 1173
415 1180
240 1457
832 1560
456 1901
184 1116
968 1451
35 1794
625 1695
451 1053
846 1611
944 1108
369 1611
611 1508
783 1283
325 1935
373 1630
778 1860
798 1649
814 1819
183 1950
507 1052
8 1170
534 1425
721 1648
524 1105
653 1326
286 1504
922 1029
85 1437
130 1435
439 1154
410 1125
532 1788
185 1530
771 1157
593 1448
220 1743
202 1383
95 1065
330 1704
111 1057
774 1640
598 996
56 1425
388 1473
21 1100
919 1730
765 1187
338 1302
475 1807
145 1925
125 1146
342 1638
788 1022
152 1120
506 1388
291 1267
191 1699
152 1308
715 1804
792 1242
611 1716
474 1438
328 1557
721 1562
204 1319
888 1688
339 1093
200 1766
536 1345
55 1544
452 1058
182 1391
286 1850
252 1075
785 1079
895 988
250 1402
389 1576
806 1750
427 1087
131 1895
60 1559
560 1309
279 1358
272 1732
436 1561
255 1317
252 1405
479 1147
119 1717
829 1778
480 1705
736 1917
239 1194
240 1397
474 1451
639 1527
574 1534
81 1713
309 1018
466 1403
14 1572
327 1454
80 1932
179 1718
643 1522
307 1663
965 1290
494 1934
354 1338
831 1454
764 1770
171 1648
647 1033
741 1021
740 1680
828 1557
964 1742
674 1379
368 1653
45 1749
792 1946
672 1834
332 1132
448 1727
901 1429
233 1589
731 1588
595 1432
632 1001
376 972
376 1136
941 1120
438 1937
230 1868
943 1618
793 1122
871 1771
337 1750
354 1160
68 1953
950 1760
315 1421
367 1953
479 1313
748 1338
105 1546
614 1422
351 1757
795 1605
634 1558
214 1255
931 1329
119 1657
545 1615
656 1947
693 1410
812 1688
744 1442
430 989
475 1677
964 1418
803 1666
673 1940
701 1245
727 1859
140 1118
45 1479
39 982
439 1177
307 1397
154 1610
98 983
76 996
27 1755
523 1135
693 1308
894 1302
929 1526
114 1566
398 1161
116 1927
293 1333
22 1886
924 1489
512 1498
21 1087
100 1355
52 1708
936 1113
528 1126
110 1215
260 1853
256 1458
756 1050
170 1861
62 1925
271 1726
936 1507
584 1065
356 1090
155 1904
943 1501
740 1358
683 1500
626 1411
670 1470
833 1363
847 1683
195 1643
693 1228
281 1936
695 973
267 1036
231 1956
194 1516
338 1604
707 1276
187 1451
68 1839
437 995
340 1560
252 1526
88 1420
420 1365
782 1195
446 1288
630 1701
627 1055
802 998
88 1454
441 1880
852 1045
240 1400
753 1930
936 1428
804 1344
367 1852
303 1287
719 1460
832 1878
168 1490
397 1247
956 1905
514 1720
925 1196
493 1547
373 1529
355 1325
655 1194
898 1607
739 1702
119 1554
265 1290
363 1443
802 1056
46 1079
268 1124
369 1458
740 1168
232 1183
485 1877
798 1652
223 1671
382 996
293 1509
640 1478
923 1683
678 1517
953 1660
507 1932
881 1525
548 1852
711 1391
623 1263
512 1787
761 1927
194 1749
678 1239
817 1767
381 1722
634 997
106 1342
792 1007
790 1670
194 1220
370 1475
965 1509
354 1416
940 1603
465 1731
312 1872
375 1245
145 1874
170 1445
138 1266
416 1489
846 1633
14 1947
733 971
842 1721
259 1715
188 1868
817 1221
396 1842
579 1176
390 995
235 1732
778 1321
447 1126
194 1276
26 1094
421 1133
825 1515
542 1802
863 1114
114 1606
866 1562
123 1246
39 1246
272 1257
114 1531
288 1519
58 1754
676 1777
302 1435
304 1915
417 1453
431 1326
313 1196
895 1919
336 1147
344 1594
834 1313
186 1133
915 1092
55 1132
740 1819
754 1956
872 1492
428 1534
925 1517
357 1228
178 1875
246 1716
499 1484
537 1604
478 1226
5 1684
641 1070
360 1576
404 1176
357 1562
613 1748
315 1300
302 1137
564 1381
839 1244
237 1841
91 1140
721 1247
42 1807
814 1028
115 1276
267 1542
453 1796
150 1088
783 1109
566 1255
410 1146
510 1785
249 1652
246 1578
710 1328
969 1377
180 1469
749 1628
489 1335
458 993
50 1369
491 1584
875 1346
642 1228
491 1629
880 1741
25 1573
91 1083
924 1454
388 1568
941 1387
160 1511
615 1934
147 1758
648 1316
649 1340
879 1483
407 1956
731 977
552 1307
73 1555
60 1004
843 1587
324 1904
485 1489
405 1435
626 1505
59 1719
93 1746
64 1858
357 1735
33 1192
943 1901
327 1374
260 1421
527 1731
169 1350
779 1683
60 1120
896 1946
564 1258
215 1727
419 1264
937 1432
831 1361
807 1907
553 1523
433 1692
890 1206
223 1511
944 1467
861 1408
390 1636
74 1265
27 1707
679 1704
166 1648
506 1940
671 1781
878 1862
505 1336
569 1065
68 1915
326 1206
602 1297
602 1560
199 1425
280 1691
15 1859
420 1947
327 1365
358 1875
184 1716
24 1140
170 1474
604 1021
830 1058
703 1918
45 1864
687 1710
17 1687
811 1132
450 1385
319 1461
93 1145
439 1747
508 1383
89 1933
696 1942
4 1918
656 1526
33 1416
827 1588
76 1303
818 1788
791 1022
237 1776
340 1861
254 1481
24 1616
540 1079
890 1951
726 1720
175 1387
737 1387
174 1942
741 1117
941 1521
909 1895
440 1781
105 1809
600 1037
317 1222
903 1858
657 1472
487 1429
144 1720
896 1417
103 1144
676 1652
447 1527
11 1552
204 1474
421 1031
280 1951
526 1650
875 1229
173 1642
498 1398
250 1532
23 1543
34 1530
526 1209
350 1413
321 1536
763 1660
571 974
844 1017
277 1642
175 1453
420 1094
692 1913
594 1000
317 1659
454 1723
136 1320
769 1408
454 1539
574 984
306 1820
685 1500
175 1757
297 1751
859 1369
256 1118
654 1923
685 1294
551 1001
549 1111
893 1327
67 1839
389 1682
176 1334
498 1481
371 1308
287 1510
659 1017
354 1959
17 1528
143 1329
77 1150
193 1747
796 1573
891 1944
364 1223
30 1748
455 1334
499 1495
539 1278
194 1112
791 1745
931 1880
122 1111
351 1773
652 995
606 1754
871 1372
391 1414
889 1155
157 1906
7 1359
599 1102
386 1201
384 1602
720 1162
530 1696
90 1367
51 1632
70 1611
771 1502
73 1088
124 1765
109 1936
670 1187
586 1759
865 1114
319 1292
8 1163
354 1935
400 1656
622 1727
684 1953
64 1690
40 1540
501 1644
277 1279
112 1543
445 1525
963 1198
286 1127
29 1071
925 1433
560 1818
147 1474
929 1309
818 1085
680 1855
624 1312
799 1010
693 1679
875 979
216 1131
615 1717
43 1310
646 1335
722 1818
463 1882
952 1942
179 1440
942 1066
253 1616
148 1766
598 1595
615 1152
659 1924
542 1048
1 1739
51 1089
621 1393
703 1584
244 1592
672 1411
8 1074
614 1183
211 1221
30 985
139 1093
47 1915
939 1081
928 1465
947 1949
681 1268
875 1951
272 1834
212 1682
290 1190
601 1665
26 1682
607 1273
327 1945
945 1103
953 1641
420 1005
947 1252
455 1494
123 1644
784 1746
858 1952
511 1596
921 978
926 1588
160 991
899 1310
873 1189
285 1557
743 1773
379 1704
2 1490
652 1532
702 1701
737 1184
893 1092
106 1682
635 1680
94 1848
170 1716
680 1532
627 1450
937 1221
99 1463
648 1429
339 1907
570 1566
313 1881
560 1280
397 1337
937 1668
480 1531
650 1577
803 1850
234 1388
241 1514
550 1713
439 1362
624 1555
44 1106
483 1772
788 1723
594 1925
430 1395
609 1304
446 1854
462 1689
237 1868
680 1212
834 1913
579 1266
183 1771
544 1670
583 1025
17 1863
638 1601
95 1316
739 1482
705 1270
962 1325
643 1339
959 1186
234 1060
558 1502
852 1634
437 1411
728 1601
658 1400
70 1498
219 1055
230 1897
9 1759
782 1729
694 1214
305 1505
104 1226
132 1479
967 1274
463 1577
591 1146
756 1018
375 1622
54 1686
624 1216
386 1291
609 1799
941 1060
519 1595
56 1518
924 1156
258 1788
1 1866
854 1624
697 1510
104 1580
446 1782
61 1745
765 1226
513 1198
36 1460
513 1547
518 1405
556 1505
589 1846
900 1456
930 1583
242 1154
243 1814
790 1581
772 1030
912 1272
388 1103
155 1180
265 1021
48 1196
159 1311
536 1136
835 1755
742 1639
845 1850
492 1004
469 1793
174 1156
454 976
574 1675
151 1112
958 1255
263 1490
557 1077
59 1822
349 1863
883 1302
131 1707
885 1082
133 979
428 1030
856 1453
480 1935
168 1654
895 1464
279 1923
187 1853
248 1473
426 1451
594 1894
313 1512
200 1868
385 1784
222 1086
410 1034
706 1078
143 1380
15 1565
701 1488
183 1167
863 1340
662 1450
554 1438
169 1337
554 1004
527 1009
265 1938
224 1769
546 1543
37 1330
485 1655
481 1258
313 1257
968 1064
193 1288
683 1267
98 1446
617 1245
267 1760
804 1676
556 1480
73 1230
583 1866
436 1415
525 1374
889 1718
332 1659
659 1621
241 1228
645 1880
118 1239
864 1198
926 1843
13 1908
664 971
459 1363
687 1508
812 1921
470 1893
773 1571
608 1741
365 1424
268 1572
215 1259
75 1072
555 1239
186 1358
792 1474
673 1438
739 1353
816 1569
562 1133
285 1446
641 1931
595 1287
916 1757
139 1910
928 1239
968 1121
42 1814
783 1438
693 1781
861 1708
18 1885
812 1395
713 1109
411 1141
651 1946
298 1297
195 1385
395 1286
700 1404
192 1016
329 1641
828 1598
624 1458
727 1637
103 1173
96 984
643 1748
388 1806
252 1414
575 1004
336 1686
805 1195
676 1795
760 1458
224 1802
672 1196
44 1310
517 1020
597 1553
876 1410
857 1836
225 1689
533 1629
268 1793
305 1461
708 998
130 1311
471 1932
397 1916
951 987
199 1368
416 1275
904 1876
230 1846
329 1710
858 1300
298 1139
812 1649
580 1613
489 1064
535 1268
370 1575
555 1451
537 1179
639 1947
123 1153
547 1174
830 1652
353 1432
69 1144
616 1504
152 1456
616 1938
773 1253
967 1919
396 1675
580 1095
961 1413
353 1179
385 1290
121 1274
828 1140
403 1297
112 1476
206 1958
954 1571
942 1203
409 1361
619 1078
417 1860
457 1016
268 1749
154 1616
411 1476
179 1536
462 1331
215 1091
483 1925
100 1125
352 1930
690 1785
306 1774
36 1244
883 1610
198 1732
774 1348
292 988
363 1293
910 1915
747 1546
351 1754
218 1587
483 1687
839 1541
345 1315
362 1657
279 1688
735 1262
824 1628
371 980
283 1165
775 1773
382 1773
655 1909
342 1062
713 1124
157 988
826 1284
938 1066
486 1830
863 1809
798 1644
70 1315
134 1780
555 1204
131 1441
330 1874
616 1706
917 1614
60 1471
522 1016
320 1818
244 1025
772 1773
635 1853
934 1533
625 1362
810 1097
730 1388
921 1391
643 1334
439 1714
845 1635
321 1043
427 1144
462 1005
135 1848
307 1101
252 1741
842 1004
561 1458
448 1634
963 1832
955 1788
584 1030
30 1702
557 1539
531 1476
472 1525
404 1461
648 1614
9 1423
644 1715
210 991
576 1159
351 1870
132 1607
713 1511
263 1448
624 1374
608 1606
841 1815
48 989
767 1487
313 1336
450 1173
266 1919
805 1157
194 1855
504 1054
676 1635
801 1834
147 1027
320 1061
886 1175
771 1182
646 1358
258 1819
34 1144
678 1409
555 1172
74 1772
460 1173
538 1229
513 1424
187 1128
586 1632
62 1488
190 1190
350 1565
804 1501
175 1861
716 1228
584 1691
406 1610
895 1646
877 1914
140 1305
638 1475
739 1589
267 1013
519 1401
692 1888
965 1947
737 1193
766 1310
758 1645
562 1726
959 1089
84 1868
458 1174
506 1871
229 1341
364 1901
514 1590
884 979
575 1253
98 1637
70 1848
85 1126
627 1483
415 1462
926 1531
456 1700
156 1041
816 1950
194 1615
155 1207
267 971
430 1553
780 1317
641 1838
816 1311
811 1830
182 1087
614 1417
369 1943
36 1661
65 1057
12 1065
783 1406
458 1462
874 1626
713 1433
750 1582
865 1428
193 1225
721 1336
574 1435
84 1723
292 1534
571 1196
395 1058
210 1688
526 1457
326 1851
748 1063
493 1836
600 1654
146 1768
256 997
519 1277
893 1735
814 1549
225 1794
765 1781
876 1795
427 1638
25 1696
199 1927
533 1635
656 1315
36 1078
28 1331
81 1606
642 1758
884 1950
744 1463
136 1211
336 1479
928 1501
614 1313
