795 809 1603
469 1123
418 1272
232 846
473 1230
597 883
375 1297
146 1102
572 1330
440 955
407 1204
136 929
585 1197
660 1227
451 1448
569 1330
443 1316
736 977
167 849
112 855
562 1450
179 1072
312 1304
469 833
86 1348
446 1534
301 1178
307 1258
348 1369
332 801
47 1574
727 818
507 1341
658 1527
741 860
292 1496
704 1015
56 1148
108 1082
606 1265
138 1061
293 1046
303 1258
286 1313
650 1151
22 1066
30 1601
670 1371
255 1228
608 1327
676 1046
728 1115
331 1350
191 1134
130 1318
12 1347
95 1522
429 1416
575 994
614 1172
243 1362
506 870
366 1509
478 1125
487 1130
488 1047
511 1341
123 1513
762 1503
197 925
309 1493
649 1323
240 1526
692 1050
28 1171
627 932
231 1267
309 1583
279 1275
715 1170
231 817
609 1394
577 1425
285 1081
337 908
681 815
512 795
333 1016
647 1478
439 1414
266 1505
188 1408
787 1209
515 1233
134 1013
551 1017
309 924
114 1357
546 1062
280 1332
616 1457
566 1155
453 989
633 1026
38 1335
182 993
301 1434
234 821
445 1037
301 1403
455 943
263 810
651 1151
451 1381
127 1421
533 1471
683 1254
114 1084
30 953
464 1540
37 1335
252 1378
150 1142
216 1407
336 908
662 1541
277 991
18 1452
466 804
144 1235
495 1292
475 1230
463 1119
449 990
715 1120
318 1465
122 1238
126 1421
355 990
68 1345
586 1197
229 1560
603 886
265 1162
662 1483
390 1379
247 804
680 1085
391 1379
427 1388
399 1458
369 1195
631 1026
373 1575
296 900
159 861
261 1122
514 1233
370 1446
95 834
589 1075
362 1509
606 1327
206 845
542 941
154 971
140 1111
490 1047
130 862
0 1233
295 960
156 1364
350 1369
606 1467
663 1382
97 1228
436 1418
541 881
741 1436
210 1192
689 1126
361 934
484 1512
612 1394
191 1149
98 1029
393 1549
594 1540
371 1199
81 1029
450 975
409 1211
53 1148
49 1574
717 858
394 974
682 914
504 856
212 1532
311 1261
301 1176
761 1276
592 872
326 1012
480 964
326 1395
170 1000
42 996
181 993
725 1243
30 1056
433 988
270 1045
380 1338
507 1180
422 1416
563 1155
383 1111
594 1039
53 1553
747 1199
147 1554
509 1341
290 1497
471 1389
511 795
659 1527
602 1250
743 1415
443 955
695 1342
19 1029
713 1181
328 832
147 1102
320 1264
30 1501
678 1046
777 1506
128 1552
571 1330
782 949
727 1243
336 1587
440 1414
684 1558
244 1455
782 1114
60 1058
240 839
609 1538
364 847
483 1512
219 1407
493 952
161 1577
357 990
762 1276
125 1513
166 1416
66 1125
399 1116
278 1359
101 1029
446 1456
701 1499
316 1465
250 1073
533 1410
88 1118
235 821
767 1401
506 856
625 838
192 1266
622 1570
178 1072
468 1078
251 1392
492 1571
314 845
755 835
573 1588
738 1210
83 1502
110 1344
690 1528
429 1094
174 1060
228 1169
767 959
352 1089
162 848
36 864
661 798
734 1426
187 823
261 1498
411 1133
65 1592
568 1449
61 1212
153 1076
485 1512
578 1343
321 1264
531 1471
271 867
650 1112
640 1098
107 1107
722 1508
175 1602
371 1354
6 1375
95 869
645 889
113 1235
209 930
602 826
492 1442
372 1575
469 1038
731 1426
20 1066
35 900
446 1544
506 1040
583 1154
23 1066
700 1257
512 1247
299 1551
121 1238
741 1473
414 1380
361 1423
502 929
17 1347
511 882
200 942
99 1029
449 1569
247 1352
588 927
507 1040
345 1524
680 898
137 1143
404 1253
279 1561
641 1098
316 1273
672 859
465 1540
696 1342
702 1586
471 880
496 1292
154 1165
609 911
160 876
404 962
354 1029
367 1195
159 1175
302 1355
584 1197
557 945
505 959
437 1290
474 1230
441 955
487 1419
552 1017
16 1347
437 1453
759 982
670 859
778 1510
618 1457
325 1395
152 1076
562 1155
94 834
548 1262
445 1236
525 920
559 1177
605 1467
200 1156
245 1466
754 835
720 1582
256 1066
766 1401
510 1341
673 859
658 1163
359 990
772 1044
674 1472
69 1345
750 835
402 1293
694 997
121 1339
389 1379
215 1215
733 1426
288 1168
48 1574
72 1345
566 871
718 1134
451 961
737 1007
525 1288
56 1491
128 910
685 1537
448 1530
493 1292
209 1008
550 1416
368 1195
55 1148
176 1216
740 1143
291 922
208 1008
655 1242
768 959
114 1542
430 890
603 1467
558 1177
326 866
173 1602
668 1006
400 1116
25 1168
63 944
120 1185
650 1384
689 1475
344 1524
476 947
26 1268
587 948
226 1149
681 1154
397 799
460 1494
46 1051
693 1050
351 1369
290 1591
428 1416
426 1575
315 1314
753 835
440 1002
447 1280
47 926
684 1444
73 840
637 850
52 1162
342 1188
255 967
674 965
100 1215
236 858
780 1270
68 1391
322 1264
674 1234
679 1321
771 1174
84 1201
482 1512
243 1455
700 868
53 1158
210 930
129 910
542 1128
724 1243
262 810
267 1162
61 944
758 987
704 1057
131 1183
135 1013
247 1282
283 1081
660 1527
338 1317
8 1378
786 1252
170 1286
176 1602
243 1263
90 1439
427 1591
595 1150
580 1343
51 1574
327 836
231 1500
189 1059
498 1154
29 1171
537 1113
773 1044
307 924
685 1461
322 1141
258 946
726 1294
433 1245
4 1361
638 1561
655 906
376 1338
615 827
108 1344
320 1424
289 1168
202 1417
5 1378
470 1038
684 923
432 890
520 1511
402 847
567 1083
522 1189
394 1365
449 1603
636 850
515 1399
87 1027
435 1418
160 885
78 1602
198 925
473 1108
459 1494
654 906
302 1566
705 995
740 1013
614 1433
254 1375
448 865
157 1232
132 1383
572 1588
407 1279
542 1305
759 1276
221 1407
634 850
717 839
517 922
211 1539
161 876
790 1209
635 1101
315 797
392 1306
621 1570
34 1504
334 1016
785 1332
3 1361
116 1555
137 1186
620 1200
302 1360
578 1425
211 1575
298 1504
247 937
434 1418
673 1234
481 964
302 976
97 970
62 944
171 1132
76 1564
157 1167
684 1411
391 918
631 956
681 1333
492 1406
387 1531
544 941
1 1281
244 1466
771 1044
153 1165
614 1457
472 878
420 1272
87 1118
472 1023
292 1168
547 1329
628 952
74 1564
670 972
185 1340
724 1086
667 1225
222 1432
404 1487
450 1289
283 1231
599 883
362 1423
687 901
504 893
539 1113
668 1190
702 1499
662 853
542 1590
185 820
453 1226
719 954
453 984
453 1448
159 1232
184 993
660 1559
444 1316
568 1105
141 1358
162 1462
520 1187
339 1516
478 1390
620 1274
297 1504
63 874
666 928
36 1335
447 802
56 1166
704 1600
286 1092
415 1003
337 1213
263 1162
302 1038
613 1221
65 1001
111 1045
690 1098
295 1504
174 1153
286 1248
776 1127
223 1486
198 1237
445 1059
119 1152
536 1113
366 1195
159 885
237 1316
256 1221
294 960
51 1437
58 1058
56 811
516 1399
162 889
261 894
439 1074
592 1514
668 1117
662 798
217 1407
315 1535
71 1345
199 1156
662 986
354 1489
587 927
241 1359
614 1014
127 1552
748 1467
18 1182
236 821
388 1379
425 1416
215 1312
774 1562
624 838
667 1071
201 1203
216 1312
331 873
503 893
703 1015
158 1281
729 1426
635 1032
114 1034
2 1232
497 914
375 1024
144 1045
13 1347
794 1386
314 1008
15 1431
562 1286
411 1573
660 915
85 1348
534 1431
268 855
116 1357
393 1011
271 1342
471 1349
475 947
487 1205
457 1530
752 842
116 1576
385 1490
283 1561
278 1275
743 860
780 1239
622 912
394 1309
339 1213
104 1144
117 903
450 961
403 1480
728 999
30 978
108 1550
360 934
639 835
405 1253
623 1299
227 1120
469 1393
305 1258
44 1584
301 1090
456 1274
566 1083
678 1321
576 1243
600 883
313 1304
719 983
429 1523
606 1474
741 1278
18 904
353 1055
261 1009
669 972
625 1398
656 1124
361 1087
596 883
30 825
780 949
671 859
785 1194
452 1448
553 1017
39 1335
358 990
724 829
720 1138
84 1502
561 849
394 1322
769 959
433 890
290 1129
410 1191
394 803
64 1001
668 1422
429 1325
392 879
203 1417
294 1496
41 1277
276 1470
119 903
249 1320
45 1030
529 998
90 966
492 956
119 1077
679 1020
46 1030
275 1010
687 806
536 1431
241 841
720 1508
310 1583
625 1364
487 1110
242 1598
717 899
248 1133
349 1369
530 940
122 1513
10 1331
577 1294
21 1066
151 1076
14 1347
677 1496
697 1102
257 970
43 1584
551 963
139 1091
623 912
272 1168
469 1356
102 1097
4 1378
415 1380
454 1226
163 1577
128 897
517 857
668 1479
543 1130
282 1561
607 1327
556 945
364 1116
220 1407
680 950
204 1417
695 997
791 1229
521 1187
313 1517
324 1141
633 884
242 1095
775 1562
467 1054
500 929
201 1417
134 1367
678 1173
530 1181
674 1046
582 1343
664 928
352 1049
745 1021
746 1209
286 1427
587 1207
656 1138
286 938
218 1407
574 1063
447 1544
656 921
103 1319
547 1053
185 993
225 879
315 1273
200 1193
339 1188
590 1488
213 1532
330 1048
274 1599
356 990
158 1361
0 1247
463 800
384 1358
540 1128
657 1028
697 1296
429 890
644 1336
244 1219
269 1045
286 1428
752 1271
458 1494
393 1043
51 1505
213 1215
524 1140
213 1222
535 1347
376 1024
130 1196
555 1427
727 1042
524 1288
151 1184
133 1383
165 1084
557 1485
617 1457
9 1331
762 1477
667 1117
691 1050
596 1366
50 1574
479 1317
554 1035
602 886
416 958
780 1374
284 1081
124 1513
93 827
545 1404
480 1548
709 1353
771 1556
715 1365
606 1052
680 1020
446 1316
403 1135
253 1375
45 1584
718 1124
650 1308
545 941
714 1328
547 1346
274 805
770 856
626 1364
198 1224
685 916
338 947
236 1420
177 1216
478 1391
190 1059
424 1301
589 927
340 1188
403 1396
251 1255
540 1113
646 1199
157 1147
793 1229
198 1156
554 1217
732 1426
422 1202
204 1440
792 1229
491 1047
642 1098
187 1408
549 1301
657 1163
227 1169
527 1438
739 1210
354 1284
398 1251
434 1245
259 946
30 1260
119 1185
788 1209
417 1272
287 1168
174 1435
560 1177
216 1303
267 957
624 1299
662 1382
752 939
193 1256
261 1589
393 883
365 1509
409 1157
354 1363
130 1597
285 1168
306 1509
301 880
149 1554
254 1104
246 979
39 1277
461 1338
82 1315
705 933
375 1109
271 1240
494 1292
758 835
657 1595
698 814
275 805
468 1356
174 1564
527 1330
394 1334
322 1300
46 926
233 850
188 1059
277 935
524 1189
688 806
482 964
231 830
379 1100
555 968
694 1050
683 1558
131 1383
302 1430
709 1019
302 878
301 1551
543 1512
177 1072
242 902
500 808
138 1091
245 979
723 1508
167 819
322 1096
463 1150
473 1397
27 1171
302 1337
11 1507
111 1545
662 1022
366 1218
205 1440
735 1426
243 1412
583 1139
473 1023
574 1588
714 1181
151 1142
499 1197
487 1047
665 928
448 1372
301 1445
759 1469
281 850
251 1073
302 831
450 1530
763 1488
276 841
465 1054
9 1214
97 1567
437 1159
261 1443
360 990
188 1164
471 1258
290 1476
554 1145
346 1369
606 1429
248 1380
667 928
103 1144
75 1564
426 1068
398 843
627 1326
393 826
225 796
419 1272
232 1560
785 1492
226 1328
291 909
273 1599
103 1363
647 1323
781 949
438 1074
433 1557
762 1488
742 860
469 1463
240 1579
395 799
403 1293
209 1441
315 1447
57 1206
201 1193
664 1382
186 1340
758 1469
275 816
381 1111
258 970
735 977
126 1513
594 1246
10 1507
210 844
730 1144
786 1021
399 843
266 1287
115 1357
421 1272
162 1478
143 1296
164 1476
195 925
302 907
619 1457
632 1026
338 905
723 829
508 1341
782 1332
408 1279
130 1069
262 1122
528 1105
261 1007
560 1000
547 1262
150 1554
675 1046
479 1548
80 1153
403 1487
335 1016
377 849
502 893
403 1484
406 1253
785 1065
95 1029
785 1146
42 1277
329 1048
97 1103
704 995
261 892
604 1577
437 1459
689 939
89 966
611 1394
214 1029
649 1112
313 1295
24 1217
363 1258
224 1334
500 1160
120 1339
23 1217
319 1465
548 1301
183 1276
747 1252
94 827
180 1072
698 875
250 1320
156 1442
57 1491
392 918
17 951
127 1099
760 993
196 925
458 1451
500 1324
687 916
614 1452
612 904
323 1141
774 1044
206 1440
448 1464
336 1016
712 1181
648 1323
174 837
17 1259
728 1310
328 836
427 819
275 1470
230 1560
747 895
117 1555
70 1345
342 881
171 849
231 1151
702 1031
332 1596
410 1573
513 1281
778 1374
610 1394
53 1287
782 863
229 1169
586 1207
541 1524
634 884
533 1431
442 955
244 936
785 813
592 1075
109 1344
538 1113
557 1136
669 1479
701 1257
446 1269
239 839
747 1249
165 855
680 1241
90 827
413 1054
630 956
65 1125
164 1577
757 835
106 1144
448 1377
625 1018
158 1533
460 1121
789 1209
689 806
379 1581
423 1416
558 1485
320 1088
661 1559
661 1285
73 1345
777 1005
525 1093
222 1064
267 1545
392 1220
724 887
518 922
401 1509
240 935
777 919
595 1366
751 835
138 1186
577 1351
477 947
642 1336
501 1210
771 1208
699 868
304 1258
683 1302
771 1041
728 1426
46 1223
381 1338
353 1246
395 796
633 1563
570 1330
308 924
351 1049
385 1111
577 1004
719 1568
703 1031
211 1529
582 1413
424 963
791 1209
497 950
738 977
312 1261
698 868
764 1488
785 1209
473 1521
207 1447
311 1583
181 1370
33 900
36 900
455 1570
273 824
394 913
500 1139
756 835
299 1504
232 980
353 1121
130 910
255 1460
608 911
667 1405
776 1562
743 1021
542 1536
105 1426
771 959
463 1578
536 896
77 1564
716 1149
431 890
374 1532
234 1032
652 1151
354 807
711 998
592 1468
619 854
67 1213
541 1311
133 1367
440 1179
645 1336
31 900
752 1050
707 1019
352 1100
260 977
187 1340
330 1350
172 1602
86 1027
156 1198
727 1115
752 981
333 801
591 1353
276 1137
251 1375
643 1336
113 824
574 994
281 1387
778 1506
156 1067
108 1107
193 1266
281 1528
261 1482
286 1017
157 1326
386 1531
581 1343
195 1256
625 851
169 1338
83 1315
684 1025
127 1518
532 1471
8 1214
579 1343
111 1594
719 1028
706 1019
684 1461
91 1457
619 992
168 849
783 1561
406 1565
180 1370
26 1171
127 1546
668 1481
575 1294
594 1033
541 1298
752 1525
437 931
520 1244
708 1019
598 883
248 1495
382 1111
567 1438
315 1385
12 1507
134 1402
85 1201
545 1062
201 917
436 1290
264 1162
247 979
568 920
445 1266
61 1058
681 1292
647 852
448 802
593 1578
32 900
582 1197
59 1058
794 1368
231 809
407 1565
766 1488
385 1373
82 1153
421 1202
155 932
97 1520
74 840
448 969
142 1358
602 1400
547 1062
749 1416
777 1127
110 855
250 1283
750 1354
682 1302
332 973
222 1407
300 1551
794 1229
555 1070
519 1168
131 1597
426 1446
222 1486
417 958
194 1256
42 1584
721 1508
30 900
238 839
654 830
142 1296
456 1097
171 1602
779 1374
385 1531
415 958
398 799
489 1047
58 1206
653 1560
325 1141
445 1376
408 1157
96 1153
395 1547
587 828
555 945
741 877
160 1131
536 1106
765 1075
523 1189
613 951
249 804
698 1240
710 1075
286 1036
232 1101
412 1133
680 1519
329 832
387 1379
79 1153
254 967
601 879
554 1268
87 1161
347 1369
154 932
409 1191
277 902
516 857
564 1155
106 1107
462 1246
448 1580
320 1465
785 1079
655 1568
211 1109
565 1155
486 941
223 1334
467 1078
629 956
686 916
378 1338
345 1369
656 1409
261 1585
437 1074
90 812
737 946
479 891
522 1187
313 1447
469 1454
744 1021
706 933
458 1097
374 1192
528 998
242 1362
406 822
370 1195
491 952
437 1291
531 998
619 943
54 1148
530 1353
64 874
29 1260
341 1188
492 1593
343 1128
784 1332
240 985
40 1277
384 1091
396 799
526 920
331 1596
342 1080
88 966
326 836
291 1511
669 888
317 1465
548 1572
145 1102
720 1543
118 903
449 1581
468 1307
148 1554
592 1578
7 1378
92 827
454 1200
594 1515
501 877
