606 605 1328
211 663
603 643
348 725
201 798
68 614
61 999
484 1099
582 772
8 740
541 796
253 921
211 871
484 972
501 743
20 941
348 798
520 1027
520 1201
314 959
227 743
538 627
384 782
476 912
556 921
479 999
132 782
41 743
147 825
314 909
32 772
348 1005
587 736
68 873
587 1118
587 1015
381 983
255 957
587 1107
236 921
484 799
484 845
31 782
246 921
255 756
255 1079
344 706
314 712
313 921
426 627
403 805
89 740
484 732
603 786
348 896
587 964
382 1044
68 1154
519 912
409 983
250 997
167 941
275 912
321 750
403 910
520 824
135 921
255 926
253 772
314 1199
484 1176
62 627
322 627
241 743
463 939
314 646
68 825
68 842
348 984
463 748
125 706
28 1069
125 912
403 701
68 610
21 999
255 678
179 772
415 1044
165 941
211 671
463 720
250 1040
348 1001
536 941
403 732
113 743
348 854
520 912
511 796
288 912
211 867
289 941
484 617
417 941
348 842
304 740
366 921
271 706
68 861
341 999
68 876
102 743
219 1020
29 740
520 640
348 840
142 912
301 796
433 627
587 800
208 999
403 1072
484 961
520 817
561 740
476 941
192 627
255 998
403 728
211 770
420 1069
587 888
250 798
255 1020
68 609
463 941
586 983
250 734
2 912
528 983
101 798
357 1069
177 921
473 999
494 796
321 687
403 625
314 1086
69 627
520 1039
561 941
587 943
250 1181
38 796
162 782
321 756
244 706
463 816
392 1069
188 782
296 921
368 706
484 789
466 706
255 739
484 607
603 1022
603 696
598 941
31 983
484 654
603 1161
219 670
518 740
171 627
390 1069
603 929
230 941
143 1069
463 1117
603 960
487 796
328 798
89 796
555 782
587 645
516 706
314 655
587 1101
603 868
553 798
348 855
348 1028
603 1000
255 765
34 782
403 738
463 1202
463 702
237 825
463 685
537 796
188 740
314 1170
603 634
304 796
250 655
314 1070
348 650
348 1103
225 740
518 706
463 799
369 796
86 740
312 999
209 1069
587 1168
219 785
486 983
314 658
255 1081
314 904
250 1187
1 983
211 921
541 912
463 684
258 999
397 772
587 757
179 782
269 1044
129 772
314 1157
462 796
398 999
314 897
133 740
211 1200
219 704
484 746
219 910
520 642
497 772
302 999
348 1140
484 998
22 743
403 973
250 816
445 740
46 912
382 921
481 1069
250 750
255 828
168 983
321 647
484 711
484 1179
20 1069
16 1044
348 979
403 1026
423 1044
250 860
95 983
567 743
202 983
484 1153
463 766
21 782
68 685
211 1121
443 706
374 743
321 1010
101 743
587 653
558 1044
463 1096
603 615
386 743
545 796
85 1044
68 1191
57 743
34 772
520 858
321 809
579 1044
484 1092
64 921
68 962
117 983
587 701
255 609
346 743
74 706
321 608
78 796
471 706
250 932
250 969
331 1044
314 1105
436 743
491 798
569 999
603 740
64 740
605 706
504 921
219 766
214 825
211 1074
516 999
463 1129
463 1035
250 659
578 706
493 1044
188 941
535 941
376 1069
56 743
78 825
61 740
70 796
58 1069
194 1069
488 1044
463 757
263 796
255 782
338 782
367 825
119 706
12 999
521 999
442 1044
219 1155
484 860
502 627
314 688
351 743
587 869
287 941
463 658
199 796
603 834
567 740
551 798
601 983
49 912
193 740
211 621
348 1142
520 846
295 782
68 627
56 912
250 1066
250 1027
255 630
400 912
541 921
478 912
255 869
603 1107
382 1069
323 743
42 782
314 670
283 921
453 1044
508 825
512 825
68 832
401 941
348 1007
441 782
463 616
255 919
69 782
217 743
587 1010
463 679
564 627
403 1134
580 999
320 1044
176 782
403 1147
520 1160
211 1162
587 796
251 999
348 1090
222 825
229 1069
463 966
321 632
255 988
12 921
598 912
81 798
505 798
250 1127
59 627
314 1003
278 706
474 743
26 941
388 772
127 921
428 941
31 1069
390 941
403 800
250 1079
171 1044
250 915
444 796
314 627
92 1044
250 723
400 983
211 1103
568 1069
463 1176
219 778
603 944
307 782
403 944
250 863
587 957
528 941
255 989
296 912
603 668
398 740
485 825
251 772
463 1092
484 839
219 1033
219 839
155 983
255 613
242 983
529 912
463 780
412 743
314 733
321 732
203 912
234 941
546 999
328 782
219 642
129 798
531 782
68 702
342 912
416 782
68 850
520 803
219 1074
5 912
26 706
108 798
348 645
226 983
520 972
321 1058
348 778
349 941
587 898
484 822
419 740
314 1127
399 1044
39 796
314 804
587 671
146 706
219 1174
520 781
587 920
47 1044
378 706
436 999
522 796
128 796
219 972
355 740
330 1044
333 627
314 1027
202 941
305 941
359 999
321 842
234 782
68 948
484 1010
348 722
564 921
463 1183
86 743
317 772
348 955
594 1069
68 618
255 922
59 740
585 706
201 772
407 740
471 825
8 796
427 921
305 912
9 740
211 733
484 1085
214 1044
219 1073
572 743
348 1192
270 782
603 851
484 1025
89 706
506 921
261 1044
520 1112
255 878
314 906
540 706
520 1045
603 762
314 919
321 1000
587 985
95 999
28 798
483 921
520 944
128 983
479 1069
463 1134
565 627
548 796
455 1069
386 772
19 627
144 743
28 941
463 1187
348 972
603 888
603 708
463 687
403 663
603 1012
520 946
211 1045
32 1044
255 981
314 793
367 798
589 782
321 1171
141 825
348 1043
348 844
300 796
284 627
280 999
219 872
403 1185
484 1079
211 756
484 1139
73 796
489 743
577 1044
248 627
566 912
601 782
360 1069
321 1062
587 774
87 921
467 921
484 783
355 1044
16 999
250 832
111 627
301 782
321 843
295 743
587 803
255 978
217 825
376 983
495 798
314 920
221 1069
164 825
192 796
403 1057
211 966
587 1002
528 798
250 1018
321 1093
321 850
484 618
450 999
520 997
211 889
500 999
165 740
63 796
587 1057
219 999
603 843
314 758
314 696
520 852
266 798
192 772
603 746
476 740
463 695
245 999
321 943
122 983
315 782
193 921
321 1057
493 825
253 743
211 1096
602 706
524 772
484 1136
321 667
4 782
432 798
219 890
172 999
603 1103
153 941
250 1166
237 983
348 1195
587 688
255 775
63 798
463 1044
334 743
314 1184
284 983
36 706
20 796
520 897
414 798
426 782
493 796
219 615
68 720
68 626
314 664
603 726
416 921
255 707
603 1044
535 706
603 717
601 740
321 955
469 941
184 1044
68 1178
520 1055
68 1171
39 740
509 1044
211 962
314 1032
403 1088
245 941
162 1069
587 873
153 796
529 798
250 957
587 1050
58 796
520 836
348 1083
603 649
587 1049
603 1183
115 782
521 941
495 743
248 912
314 785
463 749
484 1203
546 796
348 891
84 825
98 740
321 1192
520 793
181 912
520 1025
221 740
499 983
520 986
348 951
434 706
228 941
68 1012
393 782
463 981
587 991
455 743
484 956
587 755
348 941
298 772
587 1147
516 798
603 999
603 1113
91 740
551 825
273 772
345 743
348 889
470 706
403 924
68 978
417 999
327 983
587 947
587 1183
285 825
54 772
403 964
345 740
321 895
14 798
507 706
463 1046
603 978
255 985
463 792
484 734
312 782
48 983
243 912
603 1021
142 999
403 664
500 627
101 941
78 999
369 941
282 740
298 921
520 636
255 905
333 1069
335 706
106 1044
327 941
530 921
463 912
519 941
216 796
348 879
321 1124
82 798
553 796
106 627
211 1057
603 706
68 1190
137 743
107 825
68 674
68 1164
383 796
68 772
403 1156
55 825
250 1112
403 1044
18 999
594 1044
4 706
527 743
572 921
33 798
403 730
587 772
75 796
565 825
234 743
403 900
160 796
314 1089
484 1045
296 1069
220 983
484 1047
403 1122
543 796
444 941
250 958
378 999
427 983
110 941
0 772
321 915
463 809
255 914
211 776
429 796
111 740
426 796
403 1174
314 607
430 782
219 643
463 611
484 1064
211 909
68 687
587 626
177 825
314 1048
68 983
124 983
314 1019
348 852
587 980
403 1183
302 627
250 769
250 1105
28 1044
370 798
257 798
484 703
245 772
593 782
213 999
214 782
290 706
296 627
255 993
587 958
489 796
255 979
314 1005
393 796
45 983
335 1069
463 938
520 812
255 1068
493 706
484 1140
406 743
420 999
416 1044
213 921
314 1023
213 706
211 1047
395 627
333 921
520 732
314 982
587 975
568 798
489 782
211 857
520 684
603 983
500 772
463 1124
603 1199
117 921
508 912
255 968
314 1096
335 921
321 664
546 1069
587 743
529 743
32 912
348 902
348 702
291 1069
574 999
155 743
484 1188
440 772
278 627
211 1208
394 983
484 936
19 825
255 1040
321 1089
547 798
520 886
68 1113
314 706
587 1082
484 760
181 825
484 1065
142 983
470 1044
603 1209
293 627
219 706
250 1182
104 1044
250 1131
484 1084
520 823
409 825
348 1045
205 798
484 1134
314 1058
603 951
219 741
47 825
463 951
49 740
463 782
153 999
387 983
520 879
548 825
172 921
510 983
544 1069
511 706
68 809
68 1061
463 902
476 798
289 1044
194 796
250 990
572 706
83 912
582 627
84 772
495 921
463 1057
348 1081
216 983
463 1107
463 1174
339 627
262 999
97 796
219 1085
403 959
40 941
250 875
255 623
403 897
250 983
250 917
174 796
513 1069
321 767
219 790
530 743
484 768
220 743
484 840
219 1022
489 772
463 1207
463 894
311 1069
211 779
540 983
520 871
98 999
125 798
259 999
112 706
304 941
250 960
410 983
314 823
348 635
241 983
348 610
321 641
108 999
568 782
603 928
248 743
314 1057
232 1044
255 999
587 1128
403 710
202 825
520 1091
269 798
68 1147
458 825
212 999
211 815
262 912
404 627
456 983
211 769
605 921
250 840
600 796
358 941
348 678
370 796
68 1105
513 627
348 1049
205 921
447 941
100 999
403 1203
603 1149
191 983
587 667
82 999
403 677
500 796
348 1078
520 969
268 999
473 782
250 976
548 941
603 772
545 706
255 794
348 762
155 999
169 1069
348 734
423 740
344 1044
120 983
474 825
363 1044
321 1134
121 1044
211 740
348 660
463 747
255 973
333 706
603 900
290 1044
396 825
321 1119
587 951
272 941
296 796
420 983
314 1073
73 798
198 627
211 1023
484 973
106 921
348 1008
348 825
463 635
345 921
236 796
225 921
403 830
313 740
570 999
155 1044
250 679
455 798
101 627
255 1077
520 1119
68 812
255 1143
64 983
68 928
68 672
196 1069
48 825
269 706
68 871
403 727
314 1202
159 825
463 1103
293 798
603 894
250 1083
390 782
403 952
494 825
219 1099
250 612
403 917
113 983
361 740
510 1044
60 912
5 740
348 970
411 1044
321 702
321 1163
39 706
464 983
269 1069
320 1069
403 844
219 877
68 881
348 967
520 764
156 743
57 983
321 964
321 741
440 706
348 782
263 1044
499 1069
75 772
348 906
120 627
360 798
68 617
587 1072
68 1033
181 921
324 782
507 825
507 983
462 627
211 1141
123 983
403 731
38 743
348 1158
155 825
456 782
219 1071
105 740
364 706
32 796
67 1044
481 825
463 1168
348 1050
314 989
250 1174
443 740
255 872
313 1069
475 1044
587 1077
36 743
145 999
78 921
38 941
163 706
227 999
337 1044
463 706
463 762
553 1044
149 782
369 740
557 796
563 912
188 912
348 663
520 681
423 796
250 1146
418 983
31 999
255 1065
68 847
513 983
255 801
581 921
447 825
502 921
314 864
250 731
314 905
211 850
348 987
255 1026
4 772
433 706
348 1113
483 912
441 921
311 796
520 983
388 627
116 983
463 1200
255 795
167 796
255 854
211 1174
484 992
603 1173
520 901
152 706
434 796
211 611
296 740
211 828
579 1069
520 619
249 825
281 1069
547 1044
520 769
580 743
587 1092
219 1144
110 1069
348 919
348 802
592 740
255 811
348 1132
587 993
219 915
44 1044
430 912
603 1175
22 706
241 627
219 921
418 941
218 1069
587 746
211 1163
342 796
520 637
463 824
603 1114
104 782
603 724
321 657
475 921
403 1146
313 1044
572 796
321 899
275 627
366 796
45 825
475 941
48 743
315 740
497 627
484 712
250 676
79 798
68 649
99 627
584 941
480 999
84 740
603 725
22 941
385 983
321 740
314 887
603 1025
255 675
564 912
314 998
361 798
520 1194
348 949
478 999
321 722
117 912
321 1029
255 809
605 740
314 1025
172 1044
348 673
520 924
